0,1.7358e-14
21.533,6.3682e-09
43.066,1.0189e-07
64.6,5.1583e-07
86.133,1.6303e-06
107.67,3.9804e-06
129.2,8.254e-06
150.73,1.5292e-05
172.27,2.6089e-05
193.8,4.1792e-05
215.33,6.3701e-05
236.87,9.327e-05
258.4,0.00013211
279.93,0.00018197
301.46,0.00024478
323,0.0003226
344.53,0.00041765
366.06,0.00053231
387.6,0.00066911
409.13,0.00083073
430.66,0.00102
452.2,0.0012399
473.73,0.0014937
495.26,0.0017845
516.8,0.0021159
538.33,0.0024914
559.86,0.0029149
581.4,0.0033901
602.93,0.0039213
624.46,0.0045126
646,0.0051684
667.53,0.0058931
689.06,0.0066916
710.6,0.0075685
732.13,0.0085289
753.66,0.0095778
775.2,0.010721
796.73,0.011963
818.26,0.013309
839.79,0.014767
861.33,0.01634
882.86,0.018036
904.39,0.019861
925.93,0.021819
947.46,0.023919
968.99,0.026167
990.53,0.028568
1012.1,0.03113
1033.6,0.03386
1055.1,0.036765
1076.7,0.039851
1098.2,0.043127
1119.7,0.046598
1141.3,0.050273
1162.8,0.05416
1184.3,0.058265
1205.9,0.062596
1227.4,0.067161
1248.9,0.071968
1270.5,0.077025
1292,0.082339
1313.5,0.087919
1335.1,0.093772
1356.6,0.099907
1378.1,0.10633
1399.7,0.11305
1421.2,0.12008
1442.7,0.12742
1464.3,0.13509
1485.8,0.14308
1507.3,0.15141
1528.9,0.16009
1550.4,0.16912
1571.9,0.17851
1593.5,0.18828
1615,0.19841
1636.5,0.20894
1658.1,0.21985
1679.6,0.23117
1701.1,0.24289
1722.7,0.25503
1744.2,0.26759
1765.7,0.28057
1787.3,0.29399
1808.8,0.30785
1830.3,0.32216
1851.9,0.33692
1873.4,0.35214
1894.9,0.36782
1916.5,0.38397
1938,0.4006
1959.5,0.41771
1981.1,0.4353
2002.6,0.45338
2024.1,0.47195
2045.7,0.49101
2067.2,0.51058
2088.7,0.53064
2110.3,0.55121
2131.8,0.57229
2153.3,0.59387
2174.9,0.61597
2196.4,0.63857
2217.9,0.66169
2239.5,0.68532
2261,0.70946
2282.5,0.73412
2304.1,0.75928
2325.6,0.78495
2347.1,0.81114
2368.7,0.83783
2390.2,0.86502
2411.7,0.89271
2433.3,0.9209
2454.8,0.94959
2476.3,0.97877
2497.9,1.0084
2519.4,1.0386
2540.9,1.0692
2562.5,1.1003
2584,1.1318
2605.5,1.1639
2627.1,1.1963
2648.6,1.2292
2670.1,1.2626
2691.7,1.2964
2713.2,1.3306
2734.7,1.3652
2756.2,1.4002
2777.8,1.4356
2799.3,1.4714
2820.8,1.5076
2842.4,1.5442
2863.9,1.5811
2885.4,1.6184
2907,1.656
2928.5,1.6939
2950,1.7322
2971.6,1.7707
2993.1,1.8096
3014.6,1.8487
3036.2,1.8881
3057.7,1.9278
3079.2,1.9677
3100.8,2.0079
3122.3,2.0483
3143.8,2.0889
3165.4,2.1297
3186.9,2.1707
3208.4,2.2119
3230,2.2532
3251.5,2.2947
3273,2.3364
3294.6,2.3782
3316.1,2.4201
3337.6,2.4621
3359.2,2.5042
3380.7,2.5464
3402.2,2.5887
3423.8,2.631
3445.3,2.6734
3466.8,2.7158
3488.4,2.7583
3509.9,2.8007
3531.4,2.8432
3553,2.8857
3574.5,2.9281
3596,2.9706
3617.6,3.013
3639.1,3.0553
3660.6,3.0976
3682.2,3.1399
3703.7,3.182
3725.2,3.2241
3746.8,3.2661
3768.3,3.308
3789.8,3.3498
3811.4,3.3914
3832.9,3.433
3854.4,3.4744
3876,3.5156
3897.5,3.5567
3919,3.5976
3940.6,3.6384
3962.1,3.679
3983.6,3.7194
4005.2,3.7597
4026.7,3.7997
4048.2,3.8395
4069.8,3.8792
4091.3,3.9186
4112.8,3.9578
4134.4,3.9967
4155.9,4.0355
4177.4,4.074
4199,4.1123
4220.5,4.1503
4242,4.1881
4263.6,4.2256
4285.1,4.2629
4306.6,4.2999
4328.2,4.3367
4349.7,4.3732
4371.2,4.4094
4392.8,4.4453
4414.3,4.481
4435.8,4.5164
4457.4,4.5515
4478.9,4.5863
4500.4,4.6209
4522,4.6551
4543.5,4.6891
4565,4.7228
4586.6,4.7562
4608.1,4.7893
4629.6,4.822
4651.2,4.8545
4672.7,4.8867
4694.2,4.9186
4715.8,4.9502
4737.3,4.9815
4758.8,5.0126
4780.4,5.0433
4801.9,5.0737
4823.4,5.1038
4845,5.1336
4866.5,5.1631
4888,5.1923
4909.6,5.2212
4931.1,5.2498
4952.6,5.2781
4974.2,5.3061
4995.7,5.3338
5017.2,5.3612
5038.8,5.3883
5060.3,5.4152
5081.8,5.4417
5103.4,5.4679
5124.9,5.4939
5146.4,5.5195
5168,5.5449
5189.5,5.57
5211,5.5948
5232.6,5.6193
5254.1,5.6436
5275.6,5.6675
5297.2,5.6912
5318.7,5.7146
5340.2,5.7377
5361.8,5.7606
5383.3,5.7832
5404.8,5.8055
5426.4,5.8275
5447.9,5.8493
5469.4,5.8708
5491,5.8921
5512.5,5.9131
5534,5.9338
5555.6,5.9543
5577.1,5.9745
5598.6,5.9945
5620.2,6.0142
5641.7,6.0337
5663.2,6.053
5684.8,6.072
5706.3,6.0908
5727.8,6.1093
5749.4,6.1276
5770.9,6.1456
5792.4,6.1635
5814,6.1811
5835.5,6.1985
5857,6.2156
5878.6,6.2325
5900.1,6.2493
5921.6,6.2658
5943.2,6.282
5964.7,6.2981
5986.2,6.314
6007.8,6.3296
6029.3,6.3451
6050.8,6.3603
6072.4,6.3754
6093.9,6.3903
6115.4,6.4049
6137,6.4194
6158.5,6.4336
6180,6.4477
6201.6,6.4616
6223.1,6.4753
6244.6,6.4889
6266.2,6.5022
6287.7,6.5154
6309.2,6.5284
6330.8,6.5412
6352.3,6.5539
6373.8,6.5664
6395.4,6.5787
6416.9,6.5908
6438.4,6.6028
6460,6.6146
6481.5,6.6263
6503,6.6378
6524.6,6.6492
6546.1,6.6604
6567.6,6.6714
6589.2,6.6823
6610.7,6.6931
6632.2,6.7037
6653.8,6.7142
6675.3,6.7245
6696.8,6.7347
6718.4,6.7447
6739.9,6.7546
6761.4,6.7644
6783,6.774
6804.5,6.7836
6826,6.7929
6847.6,6.8022
6869.1,6.8113
6890.6,6.8203
6912.2,6.8292
6933.7,6.838
6955.2,6.8466
6976.8,6.8552
6998.3,6.8636
7019.8,6.8719
7041.4,6.88
7062.9,6.8881
7084.4,6.8961
7106,6.9039
7127.5,6.9117
7149,6.9193
7170.6,6.9269
7192.1,6.9343
7213.6,6.9417
7235.2,6.9489
7256.7,6.956
7278.2,6.9631
7299.8,6.97
7321.3,6.9769
7342.8,6.9836
7364.4,6.9903
7385.9,6.9969
7407.4,7.0034
7429,7.0098
7450.5,7.0161
7472,7.0223
7493.6,7.0285
7515.1,7.0345
7536.6,7.0405
7558.2,7.0464
7579.7,7.0522
7601.2,7.058
7622.8,7.0636
7644.3,7.0692
7665.8,7.0747
7687.4,7.0802
7708.9,7.0855
7730.4,7.0908
7752,7.0961
7773.5,7.1012
7795,7.1063
7816.6,7.1113
7838.1,7.1163
7859.6,7.1211
7881.2,7.126
7902.7,7.1307
7924.2,7.1354
7945.8,7.14
7967.3,7.1446
7988.8,7.1491
8010.4,7.1535
8031.9,7.1579
8053.4,7.1622
8075,7.1665
8096.5,7.1707
8118,7.1749
8139.6,7.179
8161.1,7.183
8182.6,7.187
8204.2,7.191
8225.7,7.1949
8247.2,7.1987
8268.8,7.2025
8290.3,7.2062
8311.8,7.2099
8333.3,7.2135
8354.9,7.2171
8376.4,7.2207
8397.9,7.2242
8419.5,7.2276
8441,7.231
8462.5,7.2344
8484.1,7.2377
8505.6,7.241
8527.1,7.2442
8548.7,7.2474
8570.2,7.2505
8591.7,7.2537
8613.3,7.2567
8634.8,7.2597
8656.3,7.2627
8677.9,7.2657
8699.4,7.2686
8720.9,7.2715
8742.5,7.2743
8764,7.2771
8785.5,7.2798
8807.1,7.2826
8828.6,7.2853
8850.1,7.2879
8871.7,7.2905
8893.2,7.2931
8914.7,7.2957
8936.3,7.2982
8957.8,7.3007
8979.3,7.3031
9000.9,7.3056
9022.4,7.308
9043.9,7.3103
9065.5,7.3127
9087,7.315
9108.5,7.3172
9130.1,7.3195
9151.6,7.3217
9173.1,7.3239
9194.7,7.3261
9216.2,7.3282
9237.7,7.3303
9259.3,7.3324
9280.8,7.3344
9302.3,7.3364
9323.9,7.3385
9345.4,7.3404
9366.9,7.3424
9388.5,7.3443
9410,7.3462
9431.5,7.3481
9453.1,7.3499
9474.6,7.3518
9496.1,7.3536
9517.7,7.3554
9539.2,7.3571
9560.7,7.3589
9582.3,7.3606
9603.8,7.3623
9625.3,7.364
9646.9,7.3656
9668.4,7.3672
9689.9,7.3689
9711.5,7.3705
9733,7.372
9754.5,7.3736
9776.1,7.3751
9797.6,7.3766
9819.1,7.3781
9840.7,7.3796
9862.2,7.3811
9883.7,7.3825
9905.3,7.3839
9926.8,7.3853
9948.3,7.3867
9969.9,7.3881
9991.4,7.3895
10013,7.3908
10034,7.3921
10056,7.3934
10078,7.3947
10099,7.396
10121,7.3972
10142,7.3985
10164,7.3997
10185,7.4009
10207,7.4021
10228,7.4033
10250,7.4045
10271,7.4056
10293,7.4068
10314,7.4079
10336,7.409
10357,7.4101
10379,7.4112
10401,7.4123
10422,7.4133
10444,7.4144
10465,7.4154
10487,7.4164
10508,7.4174
10530,7.4184
10551,7.4194
10573,7.4204
10594,7.4213
10616,7.4223
10637,7.4232
10659,7.4242
10680,7.4251
10702,7.426
10724,7.4269
10745,7.4277
10767,7.4286
10788,7.4295
10810,7.4303
10831,7.4312
10853,7.432
10874,7.4328
10896,7.4336
10917,7.4344
10939,7.4352
10960,7.436
10982,7.4368
11003,7.4375
11025,7.4383
11047,7.439
11068,7.4398
11090,7.4405
11111,7.4412
11133,7.4419
11154,7.4426
11176,7.4433
11197,7.444
11219,7.4447
11240,7.4454
11262,7.446
11283,7.4467
11305,7.4473
11326,7.448
11348,7.4486
11370,7.4492
11391,7.4498
11413,7.4504
11434,7.451
11456,7.4516
11477,7.4522
11499,7.4528
11520,7.4534
11542,7.4539
11563,7.4545
11585,7.455
11606,7.4556
11628,7.4561
11649,7.4567
11671,7.4572
11693,7.4577
11714,7.4582
11736,7.4587
11757,7.4592
11779,7.4597
11800,7.4602
11822,7.4607
11843,7.4612
11865,7.4617
11886,7.4621
11908,7.4626
11929,7.463
11951,7.4635
11972,7.4639
11994,7.4644
12016,7.4648
12037,7.4653
12059,7.4657
12080,7.4661
12102,7.4665
12123,7.4669
12145,7.4673
12166,7.4677
12188,7.4681
12209,7.4685
12231,7.4689
12252,7.4693
12274,7.4697
12295,7.47
12317,7.4704
12339,7.4708
12360,7.4711
12382,7.4715
12403,7.4719
12425,7.4722
12446,7.4725
12468,7.4729
12489,7.4732
12511,7.4736
12532,7.4739
12554,7.4742
12575,7.4745
12597,7.4748
12618,7.4752
12640,7.4755
12662,7.4758
12683,7.4761
12705,7.4764
12726,7.4767
12748,7.477
12769,7.4773
12791,7.4775
12812,7.4778
12834,7.4781
12855,7.4784
12877,7.4786
12898,7.4789
12920,7.4792
12941,7.4794
12963,7.4797
12985,7.48
13006,7.4802
13028,7.4805
13049,7.4807
13071,7.481
13092,7.4812
13114,7.4814
13135,7.4817
13157,7.4819
13178,7.4821
13200,7.4824
13221,7.4826
13243,7.4828
13264,7.483
13286,7.4832
13308,7.4835
13329,7.4837
13351,7.4839
13372,7.4841
13394,7.4843
13415,7.4845
13437,7.4847
13458,7.4849
13480,7.4851
13501,7.4853
13523,7.4855
13544,7.4857
13566,7.4859
13587,7.486
13609,7.4862
13631,7.4864
13652,7.4866
13674,7.4868
13695,7.4869
13717,7.4871
13738,7.4873
13760,7.4874
13781,7.4876
13803,7.4878
13824,7.4879
13846,7.4881
13867,7.4882
13889,7.4884
13910,7.4886
13932,7.4887
13954,7.4889
13975,7.489
13997,7.4891
14018,7.4893
14040,7.4894
14061,7.4896
14083,7.4897
14104,7.4899
14126,7.49
14147,7.4901
14169,7.4903
14190,7.4904
14212,7.4905
14233,7.4907
14255,7.4908
14277,7.4909
14298,7.491
14320,7.4911
14341,7.4913
14363,7.4914
14384,7.4915
14406,7.4916
14427,7.4917
14449,7.4919
14470,7.492
14492,7.4921
14513,7.4922
14535,7.4923
14556,7.4924
14578,7.4925
14600,7.4926
14621,7.4927
14643,7.4928
14664,7.4929
14686,7.493
14707,7.4931
14729,7.4932
14750,7.4933
14772,7.4934
14793,7.4935
14815,7.4936
14836,7.4937
14858,7.4938
14879,7.4939
14901,7.4939
14923,7.494
14944,7.4941
14966,7.4942
14987,7.4943
15009,7.4944
15030,7.4944
15052,7.4945
15073,7.4946
15095,7.4947
15116,7.4948
15138,7.4948
15159,7.4949
15181,7.495
15202,7.4951
15224,7.4951
15246,7.4952
15267,7.4953
15289,7.4953
15310,7.4954
15332,7.4955
15353,7.4956
15375,7.4956
15396,7.4957
15418,7.4958
15439,7.4958
15461,7.4959
15482,7.4959
15504,7.496
15525,7.4961
15547,7.4961
15569,7.4962
15590,7.4962
15612,7.4963
15633,7.4964
15655,7.4964
15676,7.4965
15698,7.4965
15719,7.4966
15741,7.4966
15762,7.4967
15784,7.4967
15805,7.4968
15827,7.4968
15848,7.4969
15870,7.4969
15892,7.497
15913,7.497
15935,7.4971
15956,7.4971
15978,7.4972
15999,7.4972
16021,7.4973
16042,7.4973
16064,7.4973
16085,7.4974
16107,7.4974
16128,7.4975
16150,7.4975
16171,7.4976
16193,7.4976
16215,7.4976
16236,7.4977
16258,7.4977
16279,7.4977
16301,7.4978
16322,7.4978
16344,7.4979
16365,7.4979
16387,7.4979
16408,7.498
16430,7.498
16451,7.498
16473,7.4981
16494,7.4981
16516,7.4981
16538,7.4982
16559,7.4982
16581,7.4982
16602,7.4983
16624,7.4983
16645,7.4983
16667,7.4983
16688,7.4984
16710,7.4984
16731,7.4984
16753,7.4985
16774,7.4985
16796,7.4985
16817,7.4985
16839,7.4986
16860,7.4986
16882,7.4986
16904,7.4986
16925,7.4987
16947,7.4987
16968,7.4987
16990,7.4987
17011,7.4988
17033,7.4988
17054,7.4988
17076,7.4988
17097,7.4989
17119,7.4989
17140,7.4989
17162,7.4989
17183,7.4989
17205,7.499
17227,7.499
17248,7.499
17270,7.499
17291,7.499
17313,7.4991
17334,7.4991
17356,7.4991
17377,7.4991
17399,7.4991
17420,7.4991
17442,7.4992
17463,7.4992
17485,7.4992
17506,7.4992
17528,7.4992
17550,7.4992
17571,7.4993
17593,7.4993
17614,7.4993
17636,7.4993
17657,7.4993
17679,7.4993
17700,7.4993
17722,7.4994
17743,7.4994
17765,7.4994
17786,7.4994
17808,7.4994
17829,7.4994
17851,7.4994
17873,7.4994
17894,7.4995
17916,7.4995
17937,7.4995
17959,7.4995
17980,7.4995
18002,7.4995
18023,7.4995
18045,7.4995
18066,7.4995
18088,7.4996
18109,7.4996
18131,7.4996
18152,7.4996
18174,7.4996
18196,7.4996
18217,7.4996
18239,7.4996
18260,7.4996
18282,7.4996
18303,7.4997
18325,7.4997
18346,7.4997
18368,7.4997
18389,7.4997
18411,7.4997
18432,7.4997
18454,7.4997
18475,7.4997
18497,7.4997
18519,7.4997
18540,7.4997
18562,7.4997
18583,7.4997
18605,7.4998
18626,7.4998
18648,7.4998
18669,7.4998
18691,7.4998
18712,7.4998
18734,7.4998
18755,7.4998
18777,7.4998
18798,7.4998
18820,7.4998
18842,7.4998
18863,7.4998
18885,7.4998
18906,7.4998
18928,7.4998
18949,7.4998
18971,7.4998
18992,7.4999
19014,7.4999
19035,7.4999
19057,7.4999
19078,7.4999
19100,7.4999
19121,7.4999
19143,7.4999
19165,7.4999
19186,7.4999
19208,7.4999
19229,7.4999
19251,7.4999
19272,7.4999
19294,7.4999
19315,7.4999
19337,7.4999
19358,7.4999
19380,7.4999
19401,7.4999
19423,7.4999
19444,7.4999
19466,7.4999
19488,7.4999
19509,7.4999
19531,7.4999
19552,7.4999
19574,7.4999
19595,7.4999
19617,7.4999
19638,7.4999
19660,7.4999
19681,7.4999
19703,7.4999
19724,7.5
19746,7.5
19767,7.5
19789,7.5
19811,7.5
19832,7.5
19854,7.5
19875,7.5
19897,7.5
19918,7.5
19940,7.5
19961,7.5
19983,7.5
20004,7.5
20026,7.5
20047,7.5
20069,7.5
20090,7.5
20112,7.5
20134,7.5
20155,7.5
20177,7.5
20198,7.5
20220,7.5
20241,7.5
20263,7.5
20284,7.5
20306,7.5
20327,7.5
20349,7.5
20370,7.5
20392,7.5
20413,7.5
20435,7.5
20457,7.5
20478,7.5
20500,7.5
20521,7.5
20543,7.5
20564,7.5
20586,7.5
20607,7.5
20629,7.5
20650,7.5
20672,7.5
20693,7.5
20715,7.5
20736,7.5
20758,7.5
20780,7.5
20801,7.5
20823,7.5
20844,7.5
20866,7.5
20887,7.5
20909,7.5
20930,7.5
20952,7.5
20973,7.5
20995,7.5
21016,7.5
21038,7.5
21059,7.5
21081,7.5
21103,7.5
21124,7.5
21146,7.5
21167,7.5
21189,7.5
21210,7.5
21232,7.5
21253,7.5
21275,7.5
21296,7.5
21318,7.5
21339,7.5
21361,7.5
21382,7.5
21404,7.5
21426,7.5
21447,7.5
21469,7.5
21490,7.5
21512,7.5
21533,7.5
21555,7.5
21576,7.5
21598,7.5
21619,7.5
21641,7.5
21662,7.5
21684,7.5
21705,7.5
21727,7.5
21749,7.5
21770,7.5
21792,7.5
21813,7.5
21835,7.5
21856,7.5
21878,7.5
21899,7.5
21921,7.5
21942,7.5
21964,7.5
21985,7.5
22007,7.5
22028,7.5
