0,7.5
21.533,7.5
43.066,7.5
64.6,7.5
86.133,7.5
107.67,7.5
129.2,7.5
150.73,7.5
172.27,7.5
193.8,7.5
215.33,7.4999
236.87,7.4999
258.4,7.4999
279.93,7.4998
301.46,7.4998
323,7.4997
344.53,7.4996
366.06,7.4995
387.6,7.4993
409.13,7.4992
430.66,7.499
452.2,7.4988
473.73,7.4985
495.26,7.4982
516.8,7.4979
538.33,7.4975
559.86,7.4971
581.4,7.4966
602.93,7.4961
624.46,7.4955
646,7.4948
667.53,7.4941
689.06,7.4933
710.6,7.4924
732.13,7.4915
753.66,7.4904
775.2,7.4893
796.73,7.488
818.26,7.4867
839.79,7.4852
861.33,7.4837
882.86,7.482
904.39,7.4801
925.93,7.4782
947.46,7.4761
968.99,7.4738
990.53,7.4714
1012.1,7.4689
1033.6,7.4661
1055.1,7.4632
1076.7,7.4601
1098.2,7.4569
1119.7,7.4534
1141.3,7.4497
1162.8,7.4458
1184.3,7.4417
1205.9,7.4374
1227.4,7.4328
1248.9,7.428
1270.5,7.423
1292,7.4177
1313.5,7.4121
1335.1,7.4062
1356.6,7.4001
1378.1,7.3937
1399.7,7.3869
1421.2,7.3799
1442.7,7.3726
1464.3,7.3649
1485.8,7.3569
1507.3,7.3486
1528.9,7.3399
1550.4,7.3309
1571.9,7.3215
1593.5,7.3117
1615,7.3016
1636.5,7.2911
1658.1,7.2801
1679.6,7.2688
1701.1,7.2571
1722.7,7.245
1744.2,7.2324
1765.7,7.2194
1787.3,7.206
1808.8,7.1921
1830.3,7.1778
1851.9,7.1631
1873.4,7.1479
1894.9,7.1322
1916.5,7.116
1938,7.0994
1959.5,7.0823
1981.1,7.0647
2002.6,7.0466
2024.1,7.0281
2045.7,7.009
2067.2,6.9894
2088.7,6.9694
2110.3,6.9488
2131.8,6.9277
2153.3,6.9061
2174.9,6.884
2196.4,6.8614
2217.9,6.8383
2239.5,6.8147
2261,6.7905
2282.5,6.7659
2304.1,6.7407
2325.6,6.715
2347.1,6.6889
2368.7,6.6622
2390.2,6.635
2411.7,6.6073
2433.3,6.5791
2454.8,6.5504
2476.3,6.5212
2497.9,6.4916
2519.4,6.4614
2540.9,6.4308
2562.5,6.3997
2584,6.3682
2605.5,6.3361
2627.1,6.3037
2648.6,6.2708
2670.1,6.2374
2691.7,6.2036
2713.2,6.1694
2734.7,6.1348
2756.2,6.0998
2777.8,6.0644
2799.3,6.0286
2820.8,5.9924
2842.4,5.9558
2863.9,5.9189
2885.4,5.8816
2907,5.844
2928.5,5.8061
2950,5.7678
2971.6,5.7293
2993.1,5.6904
3014.6,5.6513
3036.2,5.6119
3057.7,5.5722
3079.2,5.5323
3100.8,5.4921
3122.3,5.4517
3143.8,5.4111
3165.4,5.3703
3186.9,5.3293
3208.4,5.2881
3230,5.2468
3251.5,5.2053
3273,5.1636
3294.6,5.1218
3316.1,5.0799
3337.6,5.0379
3359.2,4.9958
3380.7,4.9536
3402.2,4.9113
3423.8,4.869
3445.3,4.8266
3466.8,4.7842
3488.4,4.7417
3509.9,4.6993
3531.4,4.6568
3553,4.6143
3574.5,4.5719
3596,4.5294
3617.6,4.487
3639.1,4.4447
3660.6,4.4024
3682.2,4.3601
3703.7,4.318
3725.2,4.2759
3746.8,4.2339
3768.3,4.192
3789.8,4.1502
3811.4,4.1086
3832.9,4.067
3854.4,4.0256
3876,3.9844
3897.5,3.9433
3919,3.9024
3940.6,3.8616
3962.1,3.821
3983.6,3.7806
4005.2,3.7403
4026.7,3.7003
4048.2,3.6605
4069.8,3.6208
4091.3,3.5814
4112.8,3.5422
4134.4,3.5033
4155.9,3.4645
4177.4,3.426
4199,3.3877
4220.5,3.3497
4242,3.3119
4263.6,3.2744
4285.1,3.2371
4306.6,3.2001
4328.2,3.1633
4349.7,3.1268
4371.2,3.0906
4392.8,3.0547
4414.3,3.019
4435.8,2.9836
4457.4,2.9485
4478.9,2.9137
4500.4,2.8791
4522,2.8449
4543.5,2.8109
4565,2.7772
4586.6,2.7438
4608.1,2.7107
4629.6,2.678
4651.2,2.6455
4672.7,2.6133
4694.2,2.5814
4715.8,2.5498
4737.3,2.5185
4758.8,2.4874
4780.4,2.4567
4801.9,2.4263
4823.4,2.3962
4845,2.3664
4866.5,2.3369
4888,2.3077
4909.6,2.2788
4931.1,2.2502
4952.6,2.2219
4974.2,2.1939
4995.7,2.1662
5017.2,2.1388
5038.8,2.1117
5060.3,2.0848
5081.8,2.0583
5103.4,2.0321
5124.9,2.0061
5146.4,1.9805
5168,1.9551
5189.5,1.93
5211,1.9052
5232.6,1.8807
5254.1,1.8564
5275.6,1.8325
5297.2,1.8088
5318.7,1.7854
5340.2,1.7623
5361.8,1.7394
5383.3,1.7168
5404.8,1.6945
5426.4,1.6725
5447.9,1.6507
5469.4,1.6292
5491,1.6079
5512.5,1.5869
5534,1.5662
5555.6,1.5457
5577.1,1.5255
5598.6,1.5055
5620.2,1.4858
5641.7,1.4663
5663.2,1.447
5684.8,1.428
5706.3,1.4092
5727.8,1.3907
5749.4,1.3724
5770.9,1.3544
5792.4,1.3365
5814,1.3189
5835.5,1.3015
5857,1.2844
5878.6,1.2675
5900.1,1.2507
5921.6,1.2342
5943.2,1.218
5964.7,1.2019
5986.2,1.186
6007.8,1.1704
6029.3,1.1549
6050.8,1.1397
6072.4,1.1246
6093.9,1.1097
6115.4,1.0951
6137,1.0806
6158.5,1.0664
6180,1.0523
6201.6,1.0384
6223.1,1.0247
6244.6,1.0111
6266.2,0.99777
6287.7,0.9846
6309.2,0.9716
6330.8,0.95878
6352.3,0.94613
6373.8,0.93364
6395.4,0.92133
6416.9,0.90918
6438.4,0.89719
6460,0.88536
6481.5,0.87369
6503,0.86218
6524.6,0.85083
6546.1,0.83963
6567.6,0.82858
6589.2,0.81767
6610.7,0.80692
6632.2,0.79631
6653.8,0.78584
6675.3,0.77552
6696.8,0.76534
6718.4,0.75529
6739.9,0.74538
6761.4,0.7356
6783,0.72596
6804.5,0.71645
6826,0.70706
6847.6,0.69781
6869.1,0.68867
6890.6,0.67967
6912.2,0.67078
6933.7,0.66202
6955.2,0.65337
6976.8,0.64485
6998.3,0.63643
7019.8,0.62814
7041.4,0.61995
7062.9,0.61188
7084.4,0.60391
7106,0.59606
7127.5,0.58831
7149,0.58066
7170.6,0.57312
7192.1,0.56568
7213.6,0.55835
7235.2,0.55111
7256.7,0.54397
7278.2,0.53693
7299.8,0.52998
7321.3,0.52313
7342.8,0.51637
7364.4,0.5097
7385.9,0.50312
7407.4,0.49663
7429,0.49023
7450.5,0.48391
7472,0.47768
7493.6,0.47154
7515.1,0.46547
7536.6,0.45949
7558.2,0.45359
7579.7,0.44777
7601.2,0.44203
7622.8,0.43637
7644.3,0.43078
7665.8,0.42526
7687.4,0.41982
7708.9,0.41446
7730.4,0.40916
7752,0.40394
7773.5,0.39879
7795,0.39371
7816.6,0.38869
7838.1,0.38374
7859.6,0.37886
7881.2,0.37404
7902.7,0.36929
7924.2,0.3646
7945.8,0.35997
7967.3,0.35541
7988.8,0.35091
8010.4,0.34646
8031.9,0.34208
8053.4,0.33775
8075,0.33348
8096.5,0.32927
8118,0.32511
8139.6,0.32101
8161.1,0.31697
8182.6,0.31297
8204.2,0.30903
8225.7,0.30514
8247.2,0.30131
8268.8,0.29752
8290.3,0.29379
8311.8,0.2901
8333.3,0.28646
8354.9,0.28287
8376.4,0.27933
8397.9,0.27583
8419.5,0.27238
8441,0.26897
8462.5,0.26561
8484.1,0.2623
8505.6,0.25902
8527.1,0.25579
8548.7,0.2526
8570.2,0.24946
8591.7,0.24635
8613.3,0.24328
8634.8,0.24026
8656.3,0.23727
8677.9,0.23433
8699.4,0.23142
8720.9,0.22855
8742.5,0.22571
8764,0.22291
8785.5,0.22015
8807.1,0.21743
8828.6,0.21474
8850.1,0.21208
8871.7,0.20946
8893.2,0.20687
8914.7,0.20432
8936.3,0.2018
8957.8,0.19931
8979.3,0.19685
9000.9,0.19443
9022.4,0.19203
9043.9,0.18967
9065.5,0.18734
9087,0.18503
9108.5,0.18276
9130.1,0.18051
9151.6,0.1783
9173.1,0.17611
9194.7,0.17395
9216.2,0.17181
9237.7,0.16971
9259.3,0.16763
9280.8,0.16558
9302.3,0.16355
9323.9,0.16155
9345.4,0.15957
9366.9,0.15762
9388.5,0.1557
9410,0.1538
9431.5,0.15192
9453.1,0.15006
9474.6,0.14823
9496.1,0.14643
9517.7,0.14464
9539.2,0.14288
9560.7,0.14114
9582.3,0.13942
9603.8,0.13772
9625.3,0.13605
9646.9,0.13439
9668.4,0.13276
9689.9,0.13114
9711.5,0.12955
9733,0.12798
9754.5,0.12642
9776.1,0.12489
9797.6,0.12337
9819.1,0.12187
9840.7,0.1204
9862.2,0.11893
9883.7,0.11749
9905.3,0.11607
9926.8,0.11466
9948.3,0.11327
9969.9,0.1119
9991.4,0.11055
10013,0.10921
10034,0.10789
10056,0.10658
10078,0.10529
10099,0.10402
10121,0.10276
10142,0.10152
10164,0.10029
10185,0.099078
10207,0.097881
10228,0.096698
10250,0.09553
10271,0.094376
10293,0.093236
10314,0.09211
10336,0.090998
10357,0.089899
10379,0.088814
10401,0.087742
10422,0.086683
10444,0.085637
10465,0.084604
10487,0.083583
10508,0.082574
10530,0.081578
10551,0.080594
10573,0.079622
10594,0.078661
10616,0.077713
10637,0.076775
10659,0.075849
10680,0.074934
10702,0.07403
10724,0.073137
10745,0.072255
10767,0.071384
10788,0.070522
10810,0.069672
10831,0.068831
10853,0.068001
10874,0.06718
10896,0.06637
10917,0.065569
10939,0.064777
10960,0.063996
10982,0.063223
11003,0.06246
11025,0.061706
11047,0.060961
11068,0.060225
11090,0.059497
11111,0.058779
11133,0.058068
11154,0.057367
11176,0.056673
11197,0.055988
11219,0.055311
11240,0.054643
11262,0.053982
11283,0.053329
11305,0.052683
11326,0.052046
11348,0.051416
11370,0.050793
11391,0.050178
11413,0.04957
11434,0.048969
11456,0.048376
11477,0.047789
11499,0.04721
11520,0.046637
11542,0.046071
11563,0.045512
11585,0.044959
11606,0.044413
11628,0.043873
11649,0.04334
11671,0.042813
11693,0.042292
11714,0.041777
11736,0.041269
11757,0.040766
11779,0.040269
11800,0.039779
11822,0.039294
11843,0.038814
11865,0.038341
11886,0.037872
11908,0.03741
11929,0.036953
11951,0.036501
11972,0.036054
11994,0.035613
12016,0.035177
12037,0.034746
12059,0.03432
12080,0.033899
12102,0.033483
12123,0.033072
12145,0.032666
12166,0.032265
12188,0.031868
12209,0.031476
12231,0.031088
12252,0.030705
12274,0.030327
12295,0.029953
12317,0.029583
12339,0.029218
12360,0.028857
12382,0.0285
12403,0.028147
12425,0.027799
12446,0.027454
12468,0.027114
12489,0.026778
12511,0.026445
12532,0.026117
12554,0.025792
12575,0.025471
12597,0.025154
12618,0.02484
12640,0.024531
12662,0.024224
12683,0.023922
12705,0.023623
12726,0.023327
12748,0.023035
12769,0.022747
12791,0.022462
12812,0.02218
12834,0.021901
12855,0.021626
12877,0.021354
12898,0.021085
12920,0.020819
12941,0.020556
12963,0.020297
12985,0.02004
13006,0.019787
13028,0.019536
13049,0.019289
13071,0.019044
13092,0.018802
13114,0.018563
13135,0.018327
13157,0.018094
13178,0.017863
13200,0.017635
13221,0.01741
13243,0.017187
13264,0.016967
13286,0.01675
13308,0.016535
13329,0.016323
13351,0.016113
13372,0.015906
13394,0.015701
13415,0.015498
13437,0.015298
13458,0.015101
13480,0.014905
13501,0.014712
13523,0.014521
13544,0.014333
13566,0.014147
13587,0.013962
13609,0.013781
13631,0.013601
13652,0.013423
13674,0.013248
13695,0.013074
13717,0.012903
13738,0.012733
13760,0.012566
13781,0.012401
13803,0.012237
13824,0.012076
13846,0.011916
13867,0.011759
13889,0.011603
13910,0.011449
13932,0.011297
13954,0.011147
13975,0.010998
13997,0.010851
14018,0.010707
14040,0.010563
14061,0.010422
14083,0.010282
14104,0.010144
14126,0.010008
14147,0.0098727
14169,0.0097395
14190,0.0096079
14212,0.0094779
14233,0.0093495
14255,0.0092226
14277,0.0090972
14298,0.0089734
14320,0.008851
14341,0.0087301
14363,0.0086107
14384,0.0084927
14406,0.0083762
14427,0.0082611
14449,0.0081474
14470,0.008035
14492,0.007924
14513,0.0078144
14535,0.0077061
14556,0.0075991
14578,0.0074935
14600,0.0073891
14621,0.007286
14643,0.0071842
14664,0.0070836
14686,0.0069842
14707,0.0068861
14729,0.0067892
14750,0.0066935
14772,0.0065989
14793,0.0065055
14815,0.0064133
14836,0.0063222
14858,0.0062322
14879,0.0061434
14901,0.0060556
14923,0.005969
14944,0.0058834
14966,0.0057989
14987,0.0057154
15009,0.005633
15030,0.0055516
15052,0.0054712
15073,0.0053919
15095,0.0053135
15116,0.0052361
15138,0.0051597
15159,0.0050842
15181,0.0050097
15202,0.0049362
15224,0.0048635
15246,0.0047918
15267,0.004721
15289,0.0046511
15310,0.0045821
15332,0.0045139
15353,0.0044467
15375,0.0043803
15396,0.0043147
15418,0.00425
15439,0.0041861
15461,0.004123
15482,0.0040607
15504,0.0039993
15525,0.0039386
15547,0.0038787
15569,0.0038196
15590,0.0037613
15612,0.0037037
15633,0.0036469
15655,0.0035908
15676,0.0035354
15698,0.0034808
15719,0.0034268
15741,0.0033736
15762,0.0033211
15784,0.0032693
15805,0.0032181
15827,0.0031676
15848,0.0031178
15870,0.0030687
15892,0.0030202
15913,0.0029724
15935,0.0029252
15956,0.0028786
15978,0.0028326
15999,0.0027873
16021,0.0027426
16042,0.0026984
16064,0.0026549
16085,0.0026119
16107,0.0025696
16128,0.0025278
16150,0.0024866
16171,0.0024459
16193,0.0024058
16215,0.0023663
16236,0.0023272
16258,0.0022888
16279,0.0022508
16301,0.0022134
16322,0.0021765
16344,0.0021401
16365,0.0021042
16387,0.0020688
16408,0.0020339
16430,0.0019995
16451,0.0019656
16473,0.0019321
16494,0.0018991
16516,0.0018666
16538,0.0018345
16559,0.0018029
16581,0.0017718
16602,0.0017411
16624,0.0017108
16645,0.001681
16667,0.0016516
16688,0.0016226
16710,0.001594
16731,0.0015658
16753,0.0015381
16774,0.0015108
16796,0.0014838
16817,0.0014573
16839,0.0014311
16860,0.0014053
16882,0.0013799
16904,0.0013549
16925,0.0013302
16947,0.001306
16968,0.001282
16990,0.0012585
17011,0.0012352
17033,0.0012124
17054,0.0011899
17076,0.0011677
17097,0.0011458
17119,0.0011243
17140,0.0011031
17162,0.0010823
17183,0.0010617
17205,0.0010415
17227,0.0010216
17248,0.001002
17270,0.00098269
17291,0.00096369
17313,0.00094498
17334,0.00092657
17356,0.00090845
17377,0.00089062
17399,0.00087307
17420,0.00085579
17442,0.00083879
17463,0.00082207
17485,0.00080561
17506,0.00078942
17528,0.00077349
17550,0.00075781
17571,0.00074239
17593,0.00072723
17614,0.00071231
17636,0.00069764
17657,0.00068321
17679,0.00066901
17700,0.00065506
17722,0.00064133
17743,0.00062784
17765,0.00061457
17786,0.00060153
17808,0.00058871
17829,0.00057611
17851,0.00056372
17873,0.00055154
17894,0.00053957
17916,0.00052781
17937,0.00051626
17959,0.0005049
17980,0.00049375
18002,0.00048279
18023,0.00047202
18045,0.00046144
18066,0.00045105
18088,0.00044085
18109,0.00043083
18131,0.00042099
18152,0.00041133
18174,0.00040184
18196,0.00039253
18217,0.00038338
18239,0.00037441
18260,0.0003656
18282,0.00035696
18303,0.00034847
18325,0.00034015
18346,0.00033198
18368,0.00032397
18389,0.0003161
18411,0.00030839
18432,0.00030083
18454,0.00029341
18475,0.00028614
18497,0.00027901
18519,0.00027202
18540,0.00026516
18562,0.00025844
18583,0.00025186
18605,0.00024541
18626,0.00023908
18648,0.00023289
18669,0.00022682
18691,0.00022087
18712,0.00021504
18734,0.00020934
18755,0.00020375
18777,0.00019828
18798,0.00019293
18820,0.00018769
18842,0.00018256
18863,0.00017754
18885,0.00017262
18906,0.00016781
18928,0.00016311
18949,0.00015851
18971,0.00015401
18992,0.00014961
19014,0.00014531
19035,0.0001411
19057,0.00013699
19078,0.00013298
19100,0.00012905
19121,0.00012521
19143,0.00012147
19165,0.0001178
19186,0.00011423
19208,0.00011074
19229,0.00010733
19251,0.000104
19272,0.00010076
19294,9.7589e-05
19315,9.4498e-05
19337,9.1483e-05
19358,8.8542e-05
19380,8.5675e-05
19401,8.2879e-05
19423,8.0154e-05
19444,7.7498e-05
19466,7.491e-05
19488,7.2389e-05
19509,6.9933e-05
19531,6.7542e-05
19552,6.5214e-05
19574,6.2948e-05
19595,6.0742e-05
19617,5.8597e-05
19638,5.6509e-05
19660,5.4479e-05
19681,5.2506e-05
19703,5.0587e-05
19724,4.8722e-05
19746,4.6911e-05
19767,4.5151e-05
19789,4.3442e-05
19811,4.1783e-05
19832,4.0172e-05
19854,3.861e-05
19875,3.7094e-05
19897,3.5624e-05
19918,3.4198e-05
19940,3.2817e-05
19961,3.1478e-05
19983,3.0182e-05
20004,2.8926e-05
20026,2.7711e-05
20047,2.6535e-05
20069,2.5397e-05
20090,2.4296e-05
20112,2.3233e-05
20134,2.2204e-05
20155,2.1211e-05
20177,2.0252e-05
20198,1.9326e-05
20220,1.8433e-05
20241,1.7572e-05
20263,1.6741e-05
20284,1.594e-05
20306,1.5169e-05
20327,1.4426e-05
20349,1.3711e-05
20370,1.3024e-05
20392,1.2363e-05
20413,1.1727e-05
20435,1.1117e-05
20457,1.0531e-05
20478,9.9682e-06
20500,9.4288e-06
20521,8.9117e-06
20543,8.4164e-06
20564,7.9422e-06
20586,7.4885e-06
20607,7.0546e-06
20629,6.64e-06
20650,6.244e-06
20672,5.8662e-06
20693,5.5058e-06
20715,5.1625e-06
20736,4.8355e-06
20758,4.5244e-06
20780,4.2286e-06
20801,3.9477e-06
20823,3.6811e-06
20844,3.4283e-06
20866,3.1888e-06
20887,2.9621e-06
20909,2.7478e-06
20930,2.5453e-06
20952,2.3544e-06
20973,2.1744e-06
20995,2.0049e-06
21016,1.8457e-06
21038,1.6961e-06
21059,1.5558e-06
21081,1.4245e-06
21103,1.3016e-06
21124,1.187e-06
21146,1.0801e-06
21167,9.8055e-07
21189,8.881e-07
21210,8.0237e-07
21232,7.2301e-07
21253,6.497e-07
21275,5.8213e-07
21296,5.1998e-07
21318,4.6295e-07
21339,4.1075e-07
21361,3.6311e-07
21382,3.1974e-07
21404,2.8038e-07
21426,2.4478e-07
21447,2.1269e-07
21469,1.8386e-07
21490,1.5807e-07
21512,1.351e-07
21533,1.1473e-07
21555,9.6755e-08
21576,8.0983e-08
21598,6.7223e-08
21619,5.5298e-08
21641,4.5035e-08
21662,3.6272e-08
21684,2.8856e-08
21705,2.264e-08
21727,1.7487e-08
21749,1.3268e-08
21770,9.8638e-09
21792,7.1608e-09
21813,5.0557e-09
21835,3.4528e-09
21856,2.2653e-09
21878,1.4141e-09
21899,8.2889e-10
21921,4.474e-10
21942,2.1575e-10
21964,8.8369e-11
21985,2.796e-11
22007,5.5217e-12
22028,3.4523e-13
