0,0
21.533,0.00062904
43.066,0.0025169
64.6,0.0056655
86.133,0.010078
107.67,0.01576
129.2,0.022717
150.73,0.030957
172.27,0.040489
193.8,0.051322
215.33,0.063468
236.87,0.07694
258.4,0.091753
279.93,0.10792
301.46,0.12546
323,0.14439
344.53,0.16473
366.06,0.1865
387.6,0.20972
409.13,0.23441
430.66,0.2606
452.2,0.28831
473.73,0.31756
495.26,0.34838
516.8,0.38081
538.33,0.41486
559.86,0.45056
581.4,0.48794
602.93,0.52704
624.46,0.56787
646,0.61048
667.53,0.65487
689.06,0.7011
710.6,0.74917
732.13,0.79912
753.66,0.85098
775.2,0.90476
796.73,0.9605
818.26,1.0182
839.79,1.0779
861.33,1.1396
882.86,1.2033
904.39,1.2691
925.93,1.3369
947.46,1.4067
968.99,1.4785
990.53,1.5524
1012.1,1.6283
1033.6,1.7062
1055.1,1.786
1076.7,1.8677
1098.2,1.9513
1119.7,2.0368
1141.3,2.124
1162.8,2.2129
1184.3,2.3034
1205.9,2.3954
1227.4,2.4887
1248.9,2.5834
1270.5,2.6792
1292,2.776
1313.5,2.8737
1335.1,2.9719
1356.6,3.0707
1378.1,3.1697
1399.7,3.2687
1421.2,3.3676
1442.7,3.466
1464.3,3.5637
1485.8,3.6605
1507.3,3.756
1528.9,3.8499
1550.4,3.942
1571.9,4.032
1593.5,4.1195
1615,4.2044
1636.5,4.2861
1658.1,4.3646
1679.6,4.4394
1701.1,4.5103
1722.7,4.5771
1744.2,4.6396
1765.7,4.6975
1787.3,4.7506
1808.8,4.7987
1830.3,4.8419
1851.9,4.8799
1873.4,4.9126
1894.9,4.9401
1916.5,4.9624
1938,4.9794
1959.5,4.9913
1981.1,4.9981
2002.6,5
2024.1,4.997
2045.7,4.9894
2067.2,4.9773
2088.7,4.961
2110.3,4.9406
2131.8,4.9164
2153.3,4.8887
2174.9,4.8575
2196.4,4.8233
2217.9,4.7862
2239.5,4.7465
2261,4.7043
2282.5,4.6601
2304.1,4.6138
2325.6,4.5659
2347.1,4.5164
2368.7,4.4655
2390.2,4.4136
2411.7,4.3606
2433.3,4.3069
2454.8,4.2525
2476.3,4.1976
2497.9,4.1424
2519.4,4.0868
2540.9,4.0312
2562.5,3.9755
2584,3.9198
2605.5,3.8643
2627.1,3.809
2648.6,3.754
2670.1,3.6994
2691.7,3.6452
2713.2,3.5915
2734.7,3.5382
2756.2,3.4855
2777.8,3.4334
2799.3,3.3819
2820.8,3.3311
2842.4,3.2809
2863.9,3.2314
2885.4,3.1826
2907,3.1345
2928.5,3.0871
2950,3.0404
2971.6,2.9945
2993.1,2.9493
3014.6,2.9048
3036.2,2.8611
3057.7,2.8181
3079.2,2.7758
3100.8,2.7343
3122.3,2.6935
3143.8,2.6534
3165.4,2.614
3186.9,2.5753
3208.4,2.5373
3230,2.5
3251.5,2.4633
3273,2.4274
3294.6,2.392
3316.1,2.3574
3337.6,2.3233
3359.2,2.2899
3380.7,2.2571
3402.2,2.2249
3423.8,2.1933
3445.3,2.1623
3466.8,2.1318
3488.4,2.1019
3509.9,2.0726
3531.4,2.0438
3553,2.0155
3574.5,1.9878
3596,1.9605
3617.6,1.9338
3639.1,1.9075
3660.6,1.8817
3682.2,1.8564
3703.7,1.8316
3725.2,1.8072
3746.8,1.7832
3768.3,1.7597
3789.8,1.7366
3811.4,1.7139
3832.9,1.6916
3854.4,1.6697
3876,1.6482
3897.5,1.6271
3919,1.6063
3940.6,1.5859
3962.1,1.5659
3983.6,1.5462
4005.2,1.5269
4026.7,1.5079
4048.2,1.4892
4069.8,1.4708
4091.3,1.4528
4112.8,1.435
4134.4,1.4176
4155.9,1.4004
4177.4,1.3836
4199,1.367
4220.5,1.3507
4242,1.3347
4263.6,1.3189
4285.1,1.3034
4306.6,1.2881
4328.2,1.2731
4349.7,1.2584
4371.2,1.2438
4392.8,1.2295
4414.3,1.2155
4435.8,1.2016
4457.4,1.188
4478.9,1.1746
4500.4,1.1614
4522,1.1484
4543.5,1.1357
4565,1.1231
4586.6,1.1107
4608.1,1.0985
4629.6,1.0865
4651.2,1.0746
4672.7,1.063
4694.2,1.0515
4715.8,1.0402
4737.3,1.0291
4758.8,1.0181
4780.4,1.0073
4801.9,0.99666
4823.4,0.98618
4845,0.97584
4866.5,0.96566
4888,0.95562
4909.6,0.94573
4931.1,0.93599
4952.6,0.92638
4974.2,0.91691
4995.7,0.90757
5017.2,0.89837
5038.8,0.88929
5060.3,0.88034
5081.8,0.87152
5103.4,0.86282
5124.9,0.85424
5146.4,0.84578
5168,0.83743
5189.5,0.8292
5211,0.82108
5232.6,0.81307
5254.1,0.80517
5275.6,0.79737
5297.2,0.78968
5318.7,0.78209
5340.2,0.7746
5361.8,0.76721
5383.3,0.75992
5404.8,0.75272
5426.4,0.74562
5447.9,0.73861
5469.4,0.73169
5491,0.72485
5512.5,0.71811
5534,0.71145
5555.6,0.70488
5577.1,0.69839
5598.6,0.69198
5620.2,0.68565
5641.7,0.6794
5663.2,0.67323
5684.8,0.66713
5706.3,0.66112
5727.8,0.65517
5749.4,0.6493
5770.9,0.6435
5792.4,0.63777
5814,0.6321
5835.5,0.62651
5857,0.62099
5878.6,0.61553
5900.1,0.61013
5921.6,0.6048
5943.2,0.59953
5964.7,0.59433
5986.2,0.58918
6007.8,0.5841
6029.3,0.57908
6050.8,0.57411
6072.4,0.5692
6093.9,0.56435
6115.4,0.55955
6137,0.55481
6158.5,0.55012
6180,0.54548
6201.6,0.5409
6223.1,0.53637
6244.6,0.53189
6266.2,0.52746
6287.7,0.52308
6309.2,0.51874
6330.8,0.51446
6352.3,0.51022
6373.8,0.50603
6395.4,0.50188
6416.9,0.49778
6438.4,0.49373
6460,0.48972
6481.5,0.48575
6503,0.48182
6524.6,0.47794
6546.1,0.4741
6567.6,0.47029
6589.2,0.46653
6610.7,0.46281
6632.2,0.45913
6653.8,0.45548
6675.3,0.45188
6696.8,0.44831
6718.4,0.44477
6739.9,0.44128
6761.4,0.43782
6783,0.4344
6804.5,0.43101
6826,0.42765
6847.6,0.42433
6869.1,0.42105
6890.6,0.41779
6912.2,0.41457
6933.7,0.41138
6955.2,0.40823
6976.8,0.4051
6998.3,0.40201
7019.8,0.39894
7041.4,0.39591
7062.9,0.3929
7084.4,0.38993
7106,0.38698
7127.5,0.38407
7149,0.38118
7170.6,0.37832
7192.1,0.37549
7213.6,0.37268
7235.2,0.3699
7256.7,0.36715
7278.2,0.36442
7299.8,0.36172
7321.3,0.35905
7342.8,0.3564
7364.4,0.35377
7385.9,0.35117
7407.4,0.3486
7429,0.34605
7450.5,0.34352
7472,0.34101
7493.6,0.33853
7515.1,0.33607
7536.6,0.33364
7558.2,0.33122
7579.7,0.32883
7601.2,0.32646
7622.8,0.32411
7644.3,0.32178
7665.8,0.31948
7687.4,0.31719
7708.9,0.31492
7730.4,0.31268
7752,0.31045
7773.5,0.30825
7795,0.30606
7816.6,0.30389
7838.1,0.30175
7859.6,0.29962
7881.2,0.29751
7902.7,0.29542
7924.2,0.29334
7945.8,0.29129
7967.3,0.28925
7988.8,0.28723
8010.4,0.28523
8031.9,0.28324
8053.4,0.28127
8075,0.27932
8096.5,0.27738
8118,0.27546
8139.6,0.27356
8161.1,0.27167
8182.6,0.2698
8204.2,0.26795
8225.7,0.26611
8247.2,0.26428
8268.8,0.26248
8290.3,0.26068
8311.8,0.2589
8333.3,0.25714
8354.9,0.25539
8376.4,0.25365
8397.9,0.25193
8419.5,0.25022
8441,0.24853
8462.5,0.24685
8484.1,0.24518
8505.6,0.24353
8527.1,0.24189
8548.7,0.24026
8570.2,0.23865
8591.7,0.23705
8613.3,0.23546
8634.8,0.23389
8656.3,0.23233
8677.9,0.23078
8699.4,0.22924
8720.9,0.22771
8742.5,0.2262
8764,0.2247
8785.5,0.22321
8807.1,0.22173
8828.6,0.22026
8850.1,0.21881
8871.7,0.21736
8893.2,0.21593
8914.7,0.21451
8936.3,0.2131
8957.8,0.2117
8979.3,0.21031
9000.9,0.20893
9022.4,0.20756
9043.9,0.2062
9065.5,0.20485
9087,0.20352
9108.5,0.20219
9130.1,0.20087
9151.6,0.19956
9173.1,0.19827
9194.7,0.19698
9216.2,0.1957
9237.7,0.19443
9259.3,0.19317
9280.8,0.19192
9302.3,0.19068
9323.9,0.18945
9345.4,0.18823
9366.9,0.18701
9388.5,0.18581
9410,0.18461
9431.5,0.18342
9453.1,0.18225
9474.6,0.18108
9496.1,0.17991
9517.7,0.17876
9539.2,0.17762
9560.7,0.17648
9582.3,0.17535
9603.8,0.17423
9625.3,0.17312
9646.9,0.17201
9668.4,0.17092
9689.9,0.16983
9711.5,0.16875
9733,0.16767
9754.5,0.16661
9776.1,0.16555
9797.6,0.1645
9819.1,0.16345
9840.7,0.16242
9862.2,0.16139
9883.7,0.16037
9905.3,0.15935
9926.8,0.15834
9948.3,0.15734
9969.9,0.15635
9991.4,0.15536
10013,0.15438
10034,0.15341
10056,0.15244
10078,0.15148
10099,0.15053
10121,0.14958
10142,0.14864
10164,0.1477
10185,0.14678
10207,0.14585
10228,0.14494
10250,0.14403
10271,0.14313
10293,0.14223
10314,0.14134
10336,0.14045
10357,0.13957
10379,0.1387
10401,0.13783
10422,0.13697
10444,0.13611
10465,0.13526
10487,0.13442
10508,0.13358
10530,0.13274
10551,0.13192
10573,0.13109
10594,0.13028
10616,0.12946
10637,0.12866
10659,0.12785
10680,0.12706
10702,0.12627
10724,0.12548
10745,0.1247
10767,0.12392
10788,0.12315
10810,0.12239
10831,0.12162
10853,0.12087
10874,0.12012
10896,0.11937
10917,0.11863
10939,0.11789
10960,0.11716
10982,0.11643
11003,0.11571
11025,0.11499
11047,0.11427
11068,0.11356
11090,0.11286
11111,0.11216
11133,0.11146
11154,0.11077
11176,0.11008
11197,0.1094
11219,0.10872
11240,0.10804
11262,0.10737
11283,0.1067
11305,0.10604
11326,0.10538
11348,0.10473
11370,0.10408
11391,0.10343
11413,0.10279
11434,0.10215
11456,0.10152
11477,0.10089
11499,0.10026
11520,0.099636
11542,0.099017
11563,0.098401
11585,0.097789
11606,0.097181
11628,0.096577
11649,0.095976
11671,0.095379
11693,0.094785
11714,0.094195
11736,0.093608
11757,0.093026
11779,0.092446
11800,0.09187
11822,0.091297
11843,0.090728
11865,0.090162
11886,0.0896
11908,0.089041
11929,0.088485
11951,0.087933
11972,0.087384
11994,0.086838
12016,0.086295
12037,0.085755
12059,0.085219
12080,0.084686
12102,0.084156
12123,0.083629
12145,0.083105
12166,0.082584
12188,0.082066
12209,0.081551
12231,0.081039
12252,0.080531
12274,0.080025
12295,0.079522
12317,0.079022
12339,0.078525
12360,0.07803
12382,0.077539
12403,0.07705
12425,0.076565
12446,0.076082
12468,0.075602
12489,0.075124
12511,0.07465
12532,0.074178
12554,0.073708
12575,0.073242
12597,0.072778
12618,0.072317
12640,0.071858
12662,0.071402
12683,0.070948
12705,0.070498
12726,0.070049
12748,0.069603
12769,0.06916
12791,0.068719
12812,0.068281
12834,0.067845
12855,0.067412
12877,0.066981
12898,0.066553
12920,0.066127
12941,0.065703
12963,0.065282
12985,0.064863
13006,0.064446
13028,0.064032
13049,0.06362
13071,0.063211
13092,0.062803
13114,0.062398
13135,0.061995
13157,0.061595
13178,0.061196
13200,0.0608
13221,0.060406
13243,0.060015
13264,0.059625
13286,0.059238
13308,0.058852
13329,0.058469
13351,0.058088
13372,0.057709
13394,0.057332
13415,0.056958
13437,0.056585
13458,0.056214
13480,0.055846
13501,0.055479
13523,0.055115
13544,0.054752
13566,0.054392
13587,0.054033
13609,0.053676
13631,0.053322
13652,0.052969
13674,0.052618
13695,0.052269
13717,0.051922
13738,0.051577
13760,0.051234
13781,0.050893
13803,0.050553
13824,0.050216
13846,0.04988
13867,0.049546
13889,0.049214
13910,0.048883
13932,0.048555
13954,0.048228
13975,0.047903
13997,0.04758
14018,0.047258
14040,0.046939
14061,0.046621
14083,0.046305
14104,0.04599
14126,0.045677
14147,0.045366
14169,0.045056
14190,0.044749
14212,0.044442
14233,0.044138
14255,0.043835
14277,0.043534
14298,0.043234
14320,0.042936
14341,0.04264
14363,0.042345
14384,0.042052
14406,0.04176
14427,0.04147
14449,0.041182
14470,0.040895
14492,0.04061
14513,0.040326
14535,0.040043
14556,0.039763
14578,0.039483
14600,0.039206
14621,0.038929
14643,0.038654
14664,0.038381
14686,0.038109
14707,0.037839
14729,0.03757
14750,0.037302
14772,0.037036
14793,0.036772
14815,0.036508
14836,0.036247
14858,0.035986
14879,0.035727
14901,0.03547
14923,0.035213
14944,0.034959
14966,0.034705
14987,0.034453
15009,0.034202
15030,0.033953
15052,0.033705
15073,0.033458
15095,0.033213
15116,0.032969
15138,0.032726
15159,0.032484
15181,0.032244
15202,0.032005
15224,0.031768
15246,0.031531
15267,0.031296
15289,0.031063
15310,0.03083
15332,0.030599
15353,0.030369
15375,0.03014
15396,0.029913
15418,0.029686
15439,0.029461
15461,0.029237
15482,0.029015
15504,0.028793
15525,0.028573
15547,0.028354
15569,0.028136
15590,0.027919
15612,0.027704
15633,0.02749
15655,0.027276
15676,0.027064
15698,0.026853
15719,0.026644
15741,0.026435
15762,0.026228
15784,0.026021
15805,0.025816
15827,0.025612
15848,0.025409
15870,0.025207
15892,0.025006
15913,0.024807
15935,0.024608
15956,0.024411
15978,0.024214
15999,0.024019
16021,0.023825
16042,0.023632
16064,0.02344
16085,0.023248
16107,0.023058
16128,0.02287
16150,0.022682
16171,0.022495
16193,0.022309
16215,0.022124
16236,0.02194
16258,0.021758
16279,0.021576
16301,0.021395
16322,0.021215
16344,0.021037
16365,0.020859
16387,0.020682
16408,0.020506
16430,0.020332
16451,0.020158
16473,0.019985
16494,0.019813
16516,0.019642
16538,0.019472
16559,0.019303
16581,0.019135
16602,0.018968
16624,0.018802
16645,0.018637
16667,0.018473
16688,0.01831
16710,0.018147
16731,0.017986
16753,0.017825
16774,0.017666
16796,0.017507
16817,0.017349
16839,0.017192
16860,0.017036
16882,0.016881
16904,0.016727
16925,0.016574
16947,0.016422
16968,0.01627
16990,0.016119
17011,0.01597
17033,0.015821
17054,0.015673
17076,0.015526
17097,0.015379
17119,0.015234
17140,0.01509
17162,0.014946
17183,0.014803
17205,0.014661
17227,0.01452
17248,0.01438
17270,0.01424
17291,0.014101
17313,0.013964
17334,0.013827
17356,0.013691
17377,0.013555
17399,0.013421
17420,0.013287
17442,0.013154
17463,0.013022
17485,0.012891
17506,0.01276
17528,0.012631
17550,0.012502
17571,0.012374
17593,0.012246
17614,0.01212
17636,0.011994
17657,0.011869
17679,0.011745
17700,0.011622
17722,0.011499
17743,0.011377
17765,0.011256
17786,0.011136
17808,0.011016
17829,0.010898
17851,0.01078
17873,0.010662
17894,0.010546
17916,0.01043
17937,0.010315
17959,0.010201
17980,0.010088
18002,0.0099748
18023,0.0098627
18045,0.0097514
18066,0.0096409
18088,0.0095311
18109,0.009422
18131,0.0093136
18152,0.009206
18174,0.009099
18196,0.0089928
18217,0.0088873
18239,0.0087826
18260,0.0086785
18282,0.0085751
18303,0.0084725
18325,0.0083706
18346,0.0082693
18368,0.0081688
18389,0.008069
18411,0.0079698
18432,0.0078714
18454,0.0077736
18475,0.0076766
18497,0.0075802
18519,0.0074845
18540,0.0073895
18562,0.0072952
18583,0.0072015
18605,0.0071086
18626,0.0070163
18648,0.0069247
18669,0.0068338
18691,0.0067435
18712,0.0066539
18734,0.006565
18755,0.0064767
18777,0.0063891
18798,0.0063021
18820,0.0062159
18842,0.0061302
18863,0.0060453
18885,0.005961
18906,0.0058773
18928,0.0057943
18949,0.0057119
18971,0.0056302
18992,0.0055491
19014,0.0054687
19035,0.0053889
19057,0.0053098
19078,0.0052313
19100,0.0051534
19121,0.0050762
19143,0.0049996
19165,0.0049236
19186,0.0048483
19208,0.0047736
19229,0.0046995
19251,0.004626
19272,0.0045532
19294,0.004481
19315,0.0044094
19337,0.0043385
19358,0.0042681
19380,0.0041984
19401,0.0041293
19423,0.0040608
19444,0.0039929
19466,0.0039256
19488,0.003859
19509,0.0037929
19531,0.0037275
19552,0.0036626
19574,0.0035984
19595,0.0035348
19617,0.0034717
19638,0.0034093
19660,0.0033475
19681,0.0032863
19703,0.0032256
19724,0.0031656
19746,0.0031062
19767,0.0030473
19789,0.0029891
19811,0.0029314
19832,0.0028743
19854,0.0028179
19875,0.002762
19897,0.0027067
19918,0.0026519
19940,0.0025978
19961,0.0025442
19983,0.0024913
20004,0.0024389
20026,0.0023871
20047,0.0023359
20069,0.0022852
20090,0.0022351
20112,0.0021856
20134,0.0021367
20155,0.0020884
20177,0.0020406
20198,0.0019934
20220,0.0019468
20241,0.0019007
20263,0.0018552
20284,0.0018103
20306,0.001766
20327,0.0017222
20349,0.001679
20370,0.0016363
20392,0.0015942
20413,0.0015527
20435,0.0015117
20457,0.0014713
20478,0.0014315
20500,0.0013922
20521,0.0013535
20543,0.0013153
20564,0.0012777
20586,0.0012407
20607,0.0012042
20629,0.0011683
20650,0.0011329
20672,0.0010981
20693,0.0010638
20715,0.0010301
20736,0.00099696
20758,0.00096435
20780,0.00093229
20801,0.00090079
20823,0.00086983
20844,0.00083943
20866,0.00080957
20887,0.00078026
20909,0.0007515
20930,0.00072329
20952,0.00069562
20973,0.0006685
20995,0.00064193
21016,0.0006159
21038,0.00059041
21059,0.00056547
21081,0.00054107
21103,0.00051722
21124,0.00049391
21146,0.00047114
21167,0.00044891
21189,0.00042722
21210,0.00040608
21232,0.00038547
21253,0.00036541
21275,0.00034588
21296,0.00032689
21318,0.00030845
21339,0.00029054
21361,0.00027317
21382,0.00025634
21404,0.00024004
21426,0.00022428
21447,0.00020906
21469,0.00019438
21490,0.00018023
21512,0.00016662
21533,0.00015355
21555,0.00014101
21576,0.000129
21598,0.00011753
21619,0.0001066
21641,9.62e-05
21662,8.6335e-05
21684,7.7004e-05
21705,6.8208e-05
21727,5.9945e-05
21749,5.2217e-05
21770,4.5021e-05
21792,3.836e-05
21813,3.2232e-05
21835,2.6637e-05
21856,2.1575e-05
21878,1.7047e-05
21899,1.3051e-05
21921,9.5883e-06
21942,6.6584e-06
21964,4.2613e-06
21985,2.397e-06
22007,1.0653e-06
22028,2.6633e-07
