1,1.4886e-07
3,1.3397e-06
5,3.7214e-06
7,7.2941e-06
9,1.2058e-05
11,1.8013e-05
13,2.5159e-05
15,3.3496e-05
17,4.3025e-05
19,5.3746e-05
21,6.5659e-05
23,7.8764e-05
25,9.3062e-05
27,0.00010855
29,0.00012524
31,0.00014311
33,0.00016219
35,0.00018245
37,0.00020391
39,0.00022657
41,0.00025042
43,0.00027547
45,0.00030172
47,0.00032916
49,0.0003578
51,0.00038764
53,0.00041868
55,0.00045092
57,0.00048436
59,0.000519
61,0.00055485
63,0.0005919
65,0.00063015
67,0.0006696
69,0.00071027
71,0.00075214
73,0.00079521
75,0.0008395
77,0.00088499
79,0.0009317
81,0.00097962
83,0.0010287
85,0.0010791
87,0.0011307
89,0.0011834
91,0.0012374
93,0.0012926
95,0.0013491
97,0.0014067
99,0.0014656
101,0.0015257
103,0.001587
105,0.0016496
107,0.0017133
109,0.0017783
111,0.0018446
113,0.001912
115,0.0019807
117,0.0020507
119,0.0021218
121,0.0021943
123,0.0022679
125,0.0023428
127,0.0024189
129,0.0024963
131,0.0025749
133,0.0026548
135,0.002736
137,0.0028183
139,0.002902
141,0.0029869
143,0.003073
145,0.0031604
147,0.0032491
149,0.003339
151,0.0034302
153,0.0035227
155,0.0036164
157,0.0037114
159,0.0038077
161,0.0039053
163,0.0040041
165,0.0041042
167,0.0042056
169,0.0043083
171,0.0044123
173,0.0045175
175,0.0046241
177,0.0047319
179,0.0048411
181,0.0049515
183,0.0050633
185,0.0051763
187,0.0052907
189,0.0054064
191,0.0055234
193,0.0056417
195,0.0057613
197,0.0058822
199,0.0060045
201,0.0061281
203,0.006253
205,0.0063793
207,0.0065068
209,0.0066358
211,0.006766
213,0.0068976
215,0.0070306
217,0.0071649
219,0.0073006
221,0.0074376
223,0.007576
225,0.0077157
227,0.0078568
229,0.0079993
231,0.0081431
233,0.0082883
235,0.0084349
237,0.0085829
239,0.0087323
241,0.0088831
243,0.0090352
245,0.0091888
247,0.0093437
249,0.0095001
251,0.0096578
253,0.009817
255,0.0099776
257,0.01014
259,0.010303
261,0.010468
263,0.010634
265,0.010802
267,0.010971
269,0.011142
271,0.011314
273,0.011487
275,0.011662
277,0.011838
279,0.012016
281,0.012196
283,0.012376
285,0.012559
287,0.012742
289,0.012928
291,0.013114
293,0.013303
295,0.013492
297,0.013684
299,0.013876
301,0.01407
303,0.014266
305,0.014463
307,0.014662
309,0.014863
311,0.015064
313,0.015268
315,0.015473
317,0.015679
319,0.015887
321,0.016097
323,0.016308
325,0.016521
327,0.016735
329,0.016951
331,0.017168
333,0.017387
335,0.017608
337,0.01783
339,0.018054
341,0.01828
343,0.018507
345,0.018735
347,0.018966
349,0.019198
351,0.019431
353,0.019666
355,0.019903
357,0.020142
359,0.020382
361,0.020624
363,0.020867
365,0.021113
367,0.021359
369,0.021608
371,0.021858
373,0.02211
375,0.022364
377,0.022619
379,0.022877
381,0.023135
383,0.023396
385,0.023658
387,0.023922
389,0.024188
391,0.024456
393,0.024725
395,0.024996
397,0.025269
399,0.025544
401,0.025821
403,0.026099
405,0.026379
407,0.026661
409,0.026945
411,0.02723
413,0.027518
415,0.027807
417,0.028098
419,0.028391
421,0.028686
423,0.028983
425,0.029281
427,0.029582
429,0.029884
431,0.030188
433,0.030494
435,0.030803
437,0.031113
439,0.031425
441,0.031738
443,0.032054
445,0.032372
447,0.032692
449,0.033014
451,0.033337
453,0.033663
455,0.033991
457,0.034321
459,0.034652
461,0.034986
463,0.035322
465,0.03566
467,0.036
469,0.036342
471,0.036686
473,0.037032
475,0.03738
477,0.03773
479,0.038083
481,0.038437
483,0.038794
485,0.039153
487,0.039514
489,0.039877
491,0.040242
493,0.04061
495,0.040979
497,0.041351
499,0.041725
501,0.042101
503,0.04248
505,0.04286
507,0.043243
509,0.043628
511,0.044016
513,0.044405
515,0.044797
517,0.045192
519,0.045588
521,0.045987
523,0.046388
525,0.046792
527,0.047198
529,0.047606
531,0.048017
533,0.04843
535,0.048845
537,0.049263
539,0.049683
541,0.050106
543,0.050531
545,0.050958
547,0.051388
549,0.051821
551,0.052256
553,0.052693
555,0.053133
557,0.053575
559,0.05402
561,0.054468
563,0.054918
565,0.055371
567,0.055826
569,0.056284
571,0.056744
573,0.057207
575,0.057673
577,0.058141
579,0.058612
581,0.059086
583,0.059562
585,0.060041
587,0.060523
589,0.061008
591,0.061495
593,0.061985
595,0.062478
597,0.062973
599,0.063472
601,0.063973
603,0.064477
605,0.064984
607,0.065493
609,0.066006
611,0.066521
613,0.06704
615,0.067561
617,0.068085
619,0.068612
621,0.069142
623,0.069675
625,0.070211
627,0.07075
629,0.071293
631,0.071838
633,0.072386
635,0.072937
637,0.073491
639,0.074049
641,0.074609
643,0.075173
645,0.07574
647,0.07631
649,0.076883
651,0.077459
653,0.078039
655,0.078622
657,0.079208
659,0.079797
661,0.08039
663,0.080986
665,0.081585
667,0.082188
669,0.082794
671,0.083403
673,0.084016
675,0.084632
677,0.085252
679,0.085875
681,0.086502
683,0.087132
685,0.087765
687,0.088402
689,0.089043
691,0.089687
693,0.090335
695,0.090987
697,0.091642
699,0.0923
701,0.092963
703,0.093629
705,0.094299
707,0.094972
709,0.09565
711,0.096331
713,0.097016
715,0.097704
717,0.098397
719,0.099093
721,0.099794
723,0.1005
725,0.10121
727,0.10192
729,0.10263
731,0.10335
733,0.10408
735,0.10481
737,0.10554
739,0.10627
741,0.10702
743,0.10776
745,0.10851
747,0.10926
749,0.11002
751,0.11078
753,0.11155
755,0.11232
757,0.11309
759,0.11387
761,0.11465
763,0.11544
765,0.11623
767,0.11703
769,0.11783
771,0.11863
773,0.11944
775,0.12026
777,0.12107
779,0.1219
781,0.12273
783,0.12356
785,0.1244
787,0.12524
789,0.12609
791,0.12694
793,0.12779
795,0.12865
797,0.12952
799,0.13039
801,0.13127
803,0.13215
805,0.13303
807,0.13393
809,0.13482
811,0.13572
813,0.13663
815,0.13754
817,0.13846
819,0.13938
821,0.1403
823,0.14124
825,0.14217
827,0.14312
829,0.14406
831,0.14502
833,0.14598
835,0.14694
837,0.14791
839,0.14889
841,0.14987
843,0.15085
845,0.15185
847,0.15284
849,0.15385
851,0.15486
853,0.15587
855,0.15689
857,0.15792
859,0.15895
861,0.15999
863,0.16104
865,0.16209
867,0.16314
869,0.1642
871,0.16527
873,0.16635
875,0.16743
877,0.16852
879,0.16961
881,0.17071
883,0.17182
885,0.17293
887,0.17405
889,0.17518
891,0.17631
893,0.17745
895,0.17859
897,0.17974
899,0.1809
901,0.18207
903,0.18324
905,0.18442
907,0.18561
909,0.1868
911,0.188
913,0.18921
915,0.19042
917,0.19164
919,0.19287
921,0.1941
923,0.19535
925,0.1966
927,0.19785
929,0.19912
931,0.20039
933,0.20167
935,0.20296
937,0.20425
939,0.20556
941,0.20687
943,0.20818
945,0.20951
947,0.21084
949,0.21219
951,0.21353
953,0.21489
955,0.21626
957,0.21763
959,0.21901
961,0.2204
963,0.2218
965,0.22321
967,0.22462
969,0.22605
971,0.22748
973,0.22892
975,0.23037
977,0.23183
979,0.2333
981,0.23477
983,0.23626
985,0.23775
987,0.23925
989,0.24076
991,0.24229
993,0.24382
995,0.24536
997,0.2469
999,0.24846
1001,0.25003
1003,0.25161
1005,0.25319
1007,0.25479
1009,0.2564
1011,0.25801
1013,0.25964
1015,0.26127
1017,0.26292
1019,0.26457
1021,0.26624
1023,0.26792
1025,0.2696
1027,0.2713
1029,0.27301
1031,0.27473
1033,0.27645
1035,0.27819
1037,0.27994
1039,0.2817
1041,0.28347
1043,0.28526
1045,0.28705
1047,0.28886
1049,0.29067
1051,0.2925
1053,0.29434
1055,0.29619
1057,0.29805
1059,0.29992
1061,0.30181
1063,0.3037
1065,0.30561
1067,0.30753
1069,0.30947
1071,0.31141
1073,0.31337
1075,0.31534
1077,0.31732
1079,0.31931
1081,0.32132
1083,0.32334
1085,0.32537
1087,0.32742
1089,0.32948
1091,0.33155
1093,0.33363
1095,0.33573
1097,0.33784
1099,0.33997
1101,0.34211
1103,0.34426
1105,0.34642
1107,0.3486
1109,0.3508
1111,0.35301
1113,0.35523
1115,0.35746
1117,0.35971
1119,0.36198
1121,0.36426
1123,0.36655
1125,0.36886
1127,0.37119
1129,0.37353
1131,0.37588
1133,0.37825
1135,0.38064
1137,0.38304
1139,0.38545
1141,0.38789
1143,0.39034
1145,0.3928
1147,0.39528
1149,0.39778
1151,0.40029
1153,0.40282
1155,0.40537
1157,0.40793
1159,0.41051
1161,0.41311
1163,0.41572
1165,0.41835
1167,0.421
1169,0.42367
1171,0.42635
1173,0.42905
1175,0.43177
1177,0.43451
1179,0.43727
1181,0.44004
1183,0.44283
1185,0.44565
1187,0.44848
1189,0.45133
1191,0.4542
1193,0.45708
1195,0.45999
1197,0.46292
1199,0.46587
1201,0.46883
1203,0.47182
1205,0.47483
1207,0.47785
1209,0.4809
1211,0.48397
1213,0.48706
1215,0.49017
1217,0.4933
1219,0.49645
1221,0.49963
1223,0.50282
1225,0.50604
1227,0.50928
1229,0.51255
1231,0.51583
1233,0.51914
1235,0.52247
1237,0.52582
1239,0.5292
1241,0.5326
1243,0.53602
1245,0.53946
1247,0.54294
1249,0.54643
1251,0.54995
1253,0.55349
1255,0.55706
1257,0.56065
1259,0.56427
1261,0.56791
1263,0.57158
1265,0.57527
1267,0.57899
1269,0.58274
1271,0.58651
1273,0.59031
1275,0.59414
1277,0.59799
1279,0.60187
1281,0.60577
1283,0.60971
1285,0.61367
1287,0.61766
1289,0.62168
1291,0.62573
1293,0.6298
1295,0.63391
1297,0.63804
1299,0.6422
1301,0.6464
1303,0.65062
1305,0.65487
1307,0.65916
1309,0.66347
1311,0.66781
1313,0.67219
1315,0.6766
1317,0.68104
1319,0.68551
1321,0.69001
1323,0.69455
1325,0.69911
1327,0.70372
1329,0.70835
1331,0.71302
1333,0.71772
1335,0.72246
1337,0.72723
1339,0.73203
1341,0.73687
1343,0.74175
1345,0.74666
1347,0.7516
1349,0.75659
1351,0.7616
1353,0.76666
1355,0.77175
1357,0.77688
1359,0.78205
1361,0.78726
1363,0.7925
1365,0.79778
1367,0.8031
1369,0.80846
1371,0.81386
1373,0.8193
1375,0.82478
1377,0.8303
1379,0.83586
1381,0.84146
1383,0.84711
1385,0.85279
1387,0.85852
1389,0.86429
1391,0.8701
1393,0.87596
1395,0.88186
1397,0.8878
1399,0.89379
1401,0.89982
1403,0.9059
1405,0.91202
1407,0.91819
1409,0.9244
1411,0.93067
1413,0.93697
1415,0.94333
1417,0.94973
1419,0.95618
1421,0.96268
1423,0.96923
1425,0.97583
1427,0.98247
1429,0.98917
1431,0.99592
1433,1.0027
1435,1.0096
1437,1.0165
1439,1.0234
1441,1.0304
1443,1.0375
1445,1.0446
1447,1.0518
1449,1.059
1451,1.0663
1453,1.0736
1455,1.081
1457,1.0884
1459,1.0959
1461,1.1035
1463,1.1111
1465,1.1187
1467,1.1265
1469,1.1343
1471,1.1421
1473,1.15
1475,1.158
1477,1.166
1479,1.1741
1481,1.1822
1483,1.1904
1485,1.1987
1487,1.207
1489,1.2154
1491,1.2239
1493,1.2324
1495,1.241
1497,1.2497
1499,1.2584
1501,1.2672
1503,1.276
1505,1.285
1507,1.294
1509,1.303
1511,1.3121
1513,1.3213
1515,1.3306
1517,1.3399
1519,1.3494
1521,1.3588
1523,1.3684
1525,1.378
1527,1.3877
1529,1.3975
1531,1.4073
1533,1.4172
1535,1.4272
1537,1.4373
1539,1.4474
1541,1.4577
1543,1.468
1545,1.4783
1547,1.4888
1549,1.4993
1551,1.5099
1553,1.5206
1555,1.5314
1557,1.5423
1559,1.5532
1561,1.5642
1563,1.5753
1565,1.5865
1567,1.5978
1569,1.6091
1571,1.6205
1573,1.6321
1575,1.6437
1577,1.6553
1579,1.6671
1581,1.679
1583,1.6909
1585,1.703
1587,1.7151
1589,1.7273
1591,1.7396
1593,1.752
1595,1.7645
1597,1.7771
1599,1.7898
1601,1.8025
1603,1.8154
1605,1.8283
1607,1.8413
1609,1.8545
1611,1.8677
1613,1.881
1615,1.8944
1617,1.908
1619,1.9216
1621,1.9353
1623,1.9491
1625,1.963
1627,1.977
1629,1.9911
1631,2.0052
1633,2.0195
1635,2.0339
1637,2.0484
1639,2.063
1641,2.0777
1643,2.0925
1645,2.1074
1647,2.1223
1649,2.1374
1651,2.1526
1653,2.1679
1655,2.1833
1657,2.1988
1659,2.2144
1661,2.2301
1663,2.2459
1665,2.2618
1667,2.2778
1669,2.2939
1671,2.3101
1673,2.3264
1675,2.3428
1677,2.3593
1679,2.3759
1681,2.3927
1683,2.4095
1685,2.4264
1687,2.4434
1689,2.4606
1691,2.4778
1693,2.4951
1695,2.5126
1697,2.5301
1699,2.5477
1701,2.5654
1703,2.5833
1705,2.6012
1707,2.6192
1709,2.6374
1711,2.6556
1713,2.6739
1715,2.6923
1717,2.7108
1719,2.7295
1721,2.7482
1723,2.767
1725,2.7859
1727,2.8048
1729,2.8239
1731,2.8431
1733,2.8623
1735,2.8817
1737,2.9011
1739,2.9206
1741,2.9402
1743,2.9599
1745,2.9797
1747,2.9995
1749,3.0195
1751,3.0395
1753,3.0595
1755,3.0797
1757,3.0999
1759,3.1202
1761,3.1406
1763,3.161
1765,3.1815
1767,3.2021
1769,3.2228
1771,3.2434
1773,3.2642
1775,3.285
1777,3.3059
1779,3.3268
1781,3.3477
1783,3.3687
1785,3.3898
1787,3.4109
1789,3.432
1791,3.4532
1793,3.4744
1795,3.4956
1797,3.5169
1799,3.5381
1801,3.5594
1803,3.5808
1805,3.6021
1807,3.6234
1809,3.6448
1811,3.6661
1813,3.6875
1815,3.7088
1817,3.7302
1819,3.7515
1821,3.7728
1823,3.7941
1825,3.8154
1827,3.8366
1829,3.8578
1831,3.879
1833,3.9001
1835,3.9212
1837,3.9422
1839,3.9632
1841,3.9841
1843,4.005
1845,4.0258
1847,4.0465
1849,4.0671
1851,4.0877
1853,4.1081
1855,4.1285
1857,4.1488
1859,4.1689
1861,4.189
1863,4.2089
1865,4.2287
1867,4.2484
1869,4.268
1871,4.2874
1873,4.3067
1875,4.3258
1877,4.3448
1879,4.3636
1881,4.3822
1883,4.4007
1885,4.419
1887,4.4371
1889,4.455
1891,4.4728
1893,4.4903
1895,4.5076
1897,4.5247
1899,4.5416
1901,4.5583
1903,4.5747
1905,4.5909
1907,4.6069
1909,4.6226
1911,4.638
1913,4.6532
1915,4.6682
1917,4.6828
1919,4.6972
1921,4.7113
1923,4.7252
1925,4.7387
1927,4.752
1929,4.7649
1931,4.7775
1933,4.7899
1935,4.8019
1937,4.8136
1939,4.8249
1941,4.836
1943,4.8467
1945,4.8571
1947,4.8671
1949,4.8768
1951,4.8862
1953,4.8951
1955,4.9038
1957,4.9121
1959,4.92
1961,4.9276
1963,4.9348
1965,4.9416
1967,4.9481
1969,4.9541
1971,4.9599
1973,4.9652
1975,4.9702
1977,4.9747
1979,4.9789
1981,4.9828
1983,4.9862
1985,4.9893
1987,4.9919
1989,4.9942
1991,4.9961
1993,4.9977
1995,4.9988
1997,4.9996
1999,5
2001,5
2003,4.9996
2005,4.9988
2007,4.9977
2009,4.9962
2011,4.9943
2013,4.992
2015,4.9894
2017,4.9864
2019,4.9831
2021,4.9794
2023,4.9753
2025,4.9709
2027,4.9661
2029,4.961
2031,4.9555
2033,4.9497
2035,4.9435
2037,4.937
2039,4.9302
2041,4.9231
2043,4.9156
2045,4.9078
2047,4.8997
2049,4.8913
2051,4.8826
2053,4.8736
2055,4.8643
2057,4.8547
2059,4.8448
2061,4.8347
2063,4.8242
2065,4.8135
2067,4.8026
2069,4.7913
2071,4.7798
2073,4.7681
2075,4.7561
2077,4.7439
2079,4.7315
2081,4.7188
2083,4.7059
2085,4.6928
2087,4.6794
2089,4.6659
2091,4.6522
2093,4.6382
2095,4.6241
2097,4.6098
2099,4.5953
2101,4.5806
2103,4.5658
2105,4.5508
2107,4.5357
2109,4.5204
2111,4.5049
2113,4.4893
2115,4.4736
2117,4.4577
2119,4.4417
2121,4.4256
2123,4.4094
2125,4.393
2127,4.3766
2129,4.36
2131,4.3433
2133,4.3266
2135,4.3097
2137,4.2928
2139,4.2758
2141,4.2587
2143,4.2416
2145,4.2243
2147,4.207
2149,4.1897
2151,4.1723
2153,4.1548
2155,4.1373
2157,4.1197
2159,4.1022
2161,4.0845
2163,4.0669
2165,4.0492
2167,4.0314
2169,4.0137
2171,3.9959
2173,3.9781
2175,3.9604
2177,3.9425
2179,3.9247
2181,3.9069
2183,3.8891
2185,3.8713
2187,3.8535
2189,3.8357
2191,3.8179
2193,3.8001
2195,3.7823
2197,3.7645
2199,3.7468
2201,3.7291
2203,3.7114
2205,3.6937
2207,3.6761
2209,3.6585
2211,3.6409
2213,3.6234
2215,3.6059
2217,3.5884
2219,3.571
2221,3.5536
2223,3.5362
2225,3.5189
2227,3.5017
2229,3.4844
2231,3.4673
2233,3.4502
2235,3.4331
2237,3.4161
2239,3.3992
2241,3.3823
2243,3.3654
2245,3.3486
2247,3.3319
2249,3.3152
2251,3.2986
2253,3.2821
2255,3.2656
2257,3.2492
2259,3.2328
2261,3.2165
2263,3.2003
2265,3.1842
2267,3.1681
2269,3.152
2271,3.1361
2273,3.1202
2275,3.1044
2277,3.0886
2279,3.073
2281,3.0574
2283,3.0418
2285,3.0264
2287,3.011
2289,2.9957
2291,2.9804
2293,2.9653
2295,2.9502
2297,2.9352
2299,2.9202
2301,2.9053
2303,2.8906
2305,2.8758
2307,2.8612
2309,2.8466
2311,2.8321
2313,2.8177
2315,2.8034
2317,2.7891
2319,2.7749
2321,2.7608
2323,2.7468
2325,2.7328
2327,2.7189
2329,2.7051
2331,2.6914
2333,2.6777
2335,2.6641
2337,2.6506
2339,2.6372
2341,2.6238
2343,2.6105
2345,2.5973
2347,2.5842
2349,2.5711
2351,2.5581
2353,2.5452
2355,2.5324
2357,2.5196
2359,2.507
2361,2.4943
2363,2.4818
2365,2.4693
2367,2.457
2369,2.4446
2371,2.4324
2373,2.4202
2375,2.4081
2377,2.3961
2379,2.3841
2381,2.3723
2383,2.3604
2385,2.3487
2387,2.337
2389,2.3254
2391,2.3139
2393,2.3024
2395,2.291
2397,2.2797
2399,2.2685
2401,2.2573
2403,2.2462
2405,2.2351
2407,2.2241
2409,2.2132
2411,2.2024
2413,2.1916
2415,2.1809
2417,2.1702
2419,2.1596
2421,2.1491
2423,2.1387
2425,2.1283
2427,2.118
2429,2.1077
2431,2.0975
2433,2.0874
2435,2.0773
2437,2.0673
2439,2.0573
2441,2.0475
2443,2.0376
2445,2.0279
2447,2.0182
2449,2.0085
2451,1.999
2453,1.9894
2455,1.98
2457,1.9706
2459,1.9612
2461,1.9519
2463,1.9427
2465,1.9336
2467,1.9244
2469,1.9154
2471,1.9064
2473,1.8974
2475,1.8886
2477,1.8797
2479,1.871
2481,1.8622
2483,1.8536
2485,1.8449
2487,1.8364
2489,1.8279
2491,1.8194
2493,1.811
2495,1.8027
2497,1.7944
2499,1.7861
2501,1.778
2503,1.7698
2505,1.7617
2507,1.7537
2509,1.7457
2511,1.7377
2513,1.7299
2515,1.722
2517,1.7142
2519,1.7065
2521,1.6988
2523,1.6911
2525,1.6835
2527,1.676
2529,1.6685
2531,1.661
2533,1.6536
2535,1.6462
2537,1.6389
2539,1.6316
2541,1.6244
2543,1.6172
2545,1.61
2547,1.6029
2549,1.5959
2551,1.5889
2553,1.5819
2555,1.575
2557,1.5681
2559,1.5612
2561,1.5544
2563,1.5477
2565,1.5409
2567,1.5343
2569,1.5276
2571,1.521
2573,1.5145
2575,1.5079
2577,1.5015
2579,1.495
2581,1.4886
2583,1.4823
2585,1.4759
2587,1.4697
2589,1.4634
2591,1.4572
2593,1.451
2595,1.4449
2597,1.4388
2599,1.4327
2601,1.4267
2603,1.4207
2605,1.4148
2607,1.4088
2609,1.403
2611,1.3971
2613,1.3913
2615,1.3855
2617,1.3798
2619,1.3741
2621,1.3684
2623,1.3628
2625,1.3572
2627,1.3516
2629,1.346
2631,1.3405
2633,1.3351
2635,1.3296
2637,1.3242
2639,1.3188
2641,1.3135
2643,1.3082
2645,1.3029
2647,1.2976
2649,1.2924
2651,1.2872
2653,1.282
2655,1.2769
2657,1.2718
2659,1.2667
2661,1.2617
2663,1.2567
2665,1.2517
2667,1.2467
2669,1.2418
2671,1.2369
2673,1.232
2675,1.2272
2677,1.2223
2679,1.2176
2681,1.2128
2683,1.2081
2685,1.2033
2687,1.1987
2689,1.194
2691,1.1894
2693,1.1848
2695,1.1802
2697,1.1757
2699,1.1711
2701,1.1666
2703,1.1622
2705,1.1577
2707,1.1533
2709,1.1489
2711,1.1445
2713,1.1402
2715,1.1358
2717,1.1315
2719,1.1273
2721,1.123
2723,1.1188
2725,1.1146
2727,1.1104
2729,1.1062
2731,1.1021
2733,1.098
2735,1.0939
2737,1.0898
2739,1.0858
2741,1.0818
2743,1.0778
2745,1.0738
2747,1.0698
2749,1.0659
2751,1.062
2753,1.0581
2755,1.0542
2757,1.0504
2759,1.0465
2761,1.0427
2763,1.0389
2765,1.0352
2767,1.0314
2769,1.0277
2771,1.024
2773,1.0203
2775,1.0166
2777,1.013
2779,1.0094
2781,1.0058
2783,1.0022
2785,0.9986
2787,0.99505
2789,0.99151
2791,0.988
2793,0.9845
2795,0.98103
2797,0.97757
2799,0.97413
2801,0.97071
2803,0.9673
2805,0.96392
2807,0.96055
2809,0.9572
2811,0.95387
2813,0.95055
2815,0.94725
2817,0.94397
2819,0.94071
2821,0.93746
2823,0.93423
2825,0.93102
2827,0.92782
2829,0.92464
2831,0.92148
2833,0.91833
2835,0.9152
2837,0.91208
2839,0.90898
2841,0.9059
2843,0.90283
2845,0.89978
2847,0.89674
2849,0.89372
2851,0.89071
2853,0.88772
2855,0.88475
2857,0.88179
2859,0.87884
2861,0.87591
2863,0.873
2865,0.87009
2867,0.86721
2869,0.86434
2871,0.86148
2873,0.85864
2875,0.85581
2877,0.85299
2879,0.85019
2881,0.8474
2883,0.84463
2885,0.84187
2887,0.83912
2889,0.83639
2891,0.83367
2893,0.83097
2895,0.82828
2897,0.8256
2899,0.82293
2901,0.82028
2903,0.81764
2905,0.81501
2907,0.8124
2909,0.8098
2911,0.80721
2913,0.80463
2915,0.80207
2917,0.79952
2919,0.79698
2921,0.79445
2923,0.79194
2925,0.78944
2927,0.78695
2929,0.78447
2931,0.782
2933,0.77955
2935,0.7771
2937,0.77467
2939,0.77225
2941,0.76984
2943,0.76745
2945,0.76506
2947,0.76269
2949,0.76033
2951,0.75798
2953,0.75563
2955,0.75331
2957,0.75099
2959,0.74868
2961,0.74638
2963,0.7441
2965,0.74182
2967,0.73956
2969,0.7373
2971,0.73506
2973,0.73283
2975,0.7306
2977,0.72839
2979,0.72619
2981,0.724
2983,0.72182
2985,0.71964
2987,0.71748
2989,0.71533
2991,0.71319
2993,0.71106
2995,0.70893
2997,0.70682
2999,0.70472
3001,0.70262
3003,0.70054
3005,0.69847
3007,0.6964
3009,0.69434
3011,0.6923
3013,0.69026
3015,0.68823
3017,0.68621
3019,0.6842
3021,0.6822
3023,0.68021
3025,0.67823
3027,0.67626
3029,0.67429
3031,0.67233
3033,0.67039
3035,0.66845
3037,0.66652
3039,0.6646
3041,0.66268
3043,0.66078
3045,0.65888
3047,0.65699
3049,0.65511
3051,0.65324
3053,0.65138
3055,0.64952
3057,0.64768
3059,0.64584
3061,0.64401
3063,0.64218
3065,0.64037
3067,0.63856
3069,0.63676
3071,0.63497
3073,0.63319
3075,0.63141
3077,0.62964
3079,0.62788
3081,0.62613
3083,0.62438
3085,0.62265
3087,0.62092
3089,0.61919
3091,0.61748
3093,0.61577
3095,0.61407
3097,0.61237
3099,0.61069
3101,0.60901
3103,0.60734
3105,0.60567
3107,0.60401
3109,0.60236
3111,0.60072
3113,0.59908
3115,0.59745
3117,0.59582
3119,0.59421
3121,0.5926
3123,0.59099
3125,0.5894
3127,0.58781
3129,0.58622
3131,0.58465
3133,0.58308
3135,0.58151
3137,0.57996
3139,0.57841
3141,0.57686
3143,0.57532
3145,0.57379
3147,0.57227
3149,0.57075
3151,0.56923
3153,0.56773
3155,0.56623
3157,0.56473
3159,0.56324
3161,0.56176
3163,0.56029
3165,0.55882
3167,0.55735
3169,0.55589
3171,0.55444
3173,0.55299
3175,0.55155
3177,0.55012
3179,0.54869
3181,0.54727
3183,0.54585
3185,0.54444
3187,0.54303
3189,0.54163
3191,0.54024
3193,0.53885
3195,0.53746
3197,0.53608
3199,0.53471
3201,0.53334
3203,0.53198
3205,0.53062
3207,0.52927
3209,0.52793
3211,0.52659
3213,0.52525
3215,0.52392
3217,0.5226
3219,0.52128
3221,0.51996
3223,0.51865
3225,0.51735
3227,0.51605
3229,0.51475
3231,0.51346
3233,0.51218
3235,0.5109
3237,0.50963
3239,0.50836
3241,0.50709
3243,0.50583
3245,0.50458
3247,0.50333
3249,0.50208
3251,0.50084
3253,0.49961
3255,0.49838
3257,0.49715
3259,0.49593
3261,0.49471
3263,0.4935
3265,0.49229
3267,0.49109
3269,0.48989
3271,0.4887
3273,0.48751
3275,0.48632
3277,0.48514
3279,0.48397
3281,0.4828
3283,0.48163
3285,0.48047
3287,0.47931
3289,0.47815
3291,0.477
3293,0.47586
3295,0.47472
3297,0.47358
3299,0.47245
3301,0.47132
3303,0.47019
3305,0.46907
3307,0.46796
3309,0.46685
3311,0.46574
3313,0.46464
3315,0.46354
3317,0.46244
3319,0.46135
3321,0.46026
3323,0.45918
3325,0.4581
3327,0.45702
3329,0.45595
3331,0.45488
3333,0.45382
3335,0.45276
3337,0.4517
3339,0.45065
3341,0.4496
3343,0.44856
3345,0.44752
3347,0.44648
3349,0.44544
3351,0.44442
3353,0.44339
3355,0.44237
3357,0.44135
3359,0.44033
3361,0.43932
3363,0.43831
3365,0.43731
3367,0.43631
3369,0.43531
3371,0.43432
3373,0.43333
3375,0.43234
3377,0.43136
3379,0.43038
3381,0.4294
3383,0.42843
3385,0.42746
3387,0.42649
3389,0.42553
3391,0.42457
3393,0.42362
3395,0.42266
3397,0.42172
3399,0.42077
3401,0.41983
3403,0.41889
3405,0.41795
3407,0.41702
3409,0.41609
3411,0.41516
3413,0.41424
3415,0.41332
3417,0.41241
3419,0.41149
3421,0.41058
3423,0.40967
3425,0.40877
3427,0.40787
3429,0.40697
3431,0.40608
3433,0.40519
3435,0.4043
3437,0.40341
3439,0.40253
3441,0.40165
3443,0.40077
3445,0.3999
3447,0.39903
3449,0.39816
3451,0.3973
3453,0.39643
3455,0.39557
3457,0.39472
3459,0.39387
3461,0.39301
3463,0.39217
3465,0.39132
3467,0.39048
3469,0.38964
3471,0.38881
3473,0.38797
3475,0.38714
3477,0.38631
3479,0.38549
3481,0.38467
3483,0.38385
3485,0.38303
3487,0.38222
3489,0.3814
3491,0.3806
3493,0.37979
3495,0.37899
3497,0.37819
3499,0.37739
3501,0.37659
3503,0.3758
3505,0.37501
3507,0.37422
3509,0.37344
3511,0.37265
3513,0.37187
3515,0.3711
3517,0.37032
3519,0.36955
3521,0.36878
3523,0.36801
3525,0.36725
3527,0.36648
3529,0.36572
3531,0.36497
3533,0.36421
3535,0.36346
3537,0.36271
3539,0.36196
3541,0.36121
3543,0.36047
3545,0.35973
3547,0.35899
3549,0.35826
3551,0.35752
3553,0.35679
3555,0.35606
3557,0.35533
3559,0.35461
3561,0.35389
3563,0.35317
3565,0.35245
3567,0.35174
3569,0.35102
3571,0.35031
3573,0.3496
3575,0.3489
3577,0.34819
3579,0.34749
3581,0.34679
3583,0.34609
3585,0.3454
3587,0.34471
3589,0.34402
3591,0.34333
3593,0.34264
3595,0.34196
3597,0.34127
3599,0.34059
3601,0.33991
3603,0.33924
3605,0.33856
3607,0.33789
3609,0.33722
3611,0.33656
3613,0.33589
3615,0.33523
3617,0.33456
3619,0.33391
3621,0.33325
3623,0.33259
3625,0.33194
3627,0.33129
3629,0.33064
3631,0.32999
3633,0.32934
3635,0.3287
3637,0.32806
3639,0.32742
3641,0.32678
3643,0.32615
3645,0.32551
3647,0.32488
3649,0.32425
3651,0.32362
3653,0.323
3655,0.32237
3657,0.32175
3659,0.32113
3661,0.32051
3663,0.31989
3665,0.31928
3667,0.31866
3669,0.31805
3671,0.31744
3673,0.31684
3675,0.31623
3677,0.31563
3679,0.31502
3681,0.31442
3683,0.31382
3685,0.31323
3687,0.31263
3689,0.31204
3691,0.31145
3693,0.31086
3695,0.31027
3697,0.30968
3699,0.3091
3701,0.30851
3703,0.30793
3705,0.30735
3707,0.30677
3709,0.3062
3711,0.30562
3713,0.30505
3715,0.30448
3717,0.30391
3719,0.30334
3721,0.30278
3723,0.30221
3725,0.30165
3727,0.30109
3729,0.30053
3731,0.29997
3733,0.29941
3735,0.29886
3737,0.2983
3739,0.29775
3741,0.2972
3743,0.29665
3745,0.29611
3747,0.29556
3749,0.29502
3751,0.29447
3753,0.29393
3755,0.29339
3757,0.29286
3759,0.29232
3761,0.29179
3763,0.29125
3765,0.29072
3767,0.29019
3769,0.28966
3771,0.28914
3773,0.28861
3775,0.28809
3777,0.28756
3779,0.28704
3781,0.28652
3783,0.286
3785,0.28549
3787,0.28497
3789,0.28446
3791,0.28395
3793,0.28343
3795,0.28293
3797,0.28242
3799,0.28191
3801,0.2814
3803,0.2809
3805,0.2804
3807,0.2799
3809,0.2794
3811,0.2789
3813,0.2784
3815,0.27791
3817,0.27741
3819,0.27692
3821,0.27643
3823,0.27594
3825,0.27545
3827,0.27496
3829,0.27448
3831,0.27399
3833,0.27351
3835,0.27302
3837,0.27254
3839,0.27206
3841,0.27159
3843,0.27111
3845,0.27063
3847,0.27016
3849,0.26969
3851,0.26921
3853,0.26874
3855,0.26827
3857,0.26781
3859,0.26734
3861,0.26687
3863,0.26641
3865,0.26595
3867,0.26549
3869,0.26503
3871,0.26457
3873,0.26411
3875,0.26365
3877,0.2632
3879,0.26274
3881,0.26229
3883,0.26184
3885,0.26139
3887,0.26094
3889,0.26049
3891,0.26004
3893,0.2596
3895,0.25915
3897,0.25871
3899,0.25827
3901,0.25782
3903,0.25738
3905,0.25695
3907,0.25651
3909,0.25607
3911,0.25564
3913,0.2552
3915,0.25477
3917,0.25434
3919,0.25391
3921,0.25348
3923,0.25305
3925,0.25262
3927,0.25219
3929,0.25177
3931,0.25135
3933,0.25092
3935,0.2505
3937,0.25008
3939,0.24966
3941,0.24924
3943,0.24882
3945,0.24841
3947,0.24799
3949,0.24758
3951,0.24717
3953,0.24675
3955,0.24634
3957,0.24593
3959,0.24552
3961,0.24512
3963,0.24471
3965,0.2443
3967,0.2439
3969,0.24349
3971,0.24309
3973,0.24269
3975,0.24229
3977,0.24189
3979,0.24149
3981,0.24109
3983,0.2407
3985,0.2403
3987,0.23991
3989,0.23951
3991,0.23912
3993,0.23873
3995,0.23834
3997,0.23795
3999,0.23756
4001,0.23717
4003,0.23679
4005,0.2364
4007,0.23602
4009,0.23563
4011,0.23525
4013,0.23487
4015,0.23449
4017,0.23411
4019,0.23373
4021,0.23335
4023,0.23297
4025,0.2326
4027,0.23222
4029,0.23185
4031,0.23147
4033,0.2311
4035,0.23073
4037,0.23036
4039,0.22999
4041,0.22962
4043,0.22925
4045,0.22889
4047,0.22852
4049,0.22816
4051,0.22779
4053,0.22743
4055,0.22707
4057,0.2267
4059,0.22634
4061,0.22598
4063,0.22563
4065,0.22527
4067,0.22491
4069,0.22455
4071,0.2242
4073,0.22384
4075,0.22349
4077,0.22314
4079,0.22279
4081,0.22244
4083,0.22209
4085,0.22174
4087,0.22139
4089,0.22104
4091,0.22069
4093,0.22035
4095,0.22
4097,0.21966
4099,0.21931
4101,0.21897
4103,0.21863
4105,0.21829
4107,0.21795
4109,0.21761
4111,0.21727
4113,0.21693
4115,0.2166
4117,0.21626
4119,0.21593
4121,0.21559
4123,0.21526
4125,0.21492
4127,0.21459
4129,0.21426
4131,0.21393
4133,0.2136
4135,0.21327
4137,0.21294
4139,0.21262
4141,0.21229
4143,0.21196
4145,0.21164
4147,0.21131
4149,0.21099
4151,0.21067
4153,0.21035
4155,0.21003
4157,0.2097
4159,0.20938
4161,0.20907
4163,0.20875
4165,0.20843
4167,0.20811
4169,0.2078
4171,0.20748
4173,0.20717
4175,0.20685
4177,0.20654
4179,0.20623
4181,0.20592
4183,0.20561
4185,0.2053
4187,0.20499
4189,0.20468
4191,0.20437
4193,0.20406
4195,0.20376
4197,0.20345
4199,0.20314
4201,0.20284
4203,0.20254
4205,0.20223
4207,0.20193
4209,0.20163
4211,0.20133
4213,0.20103
4215,0.20073
4217,0.20043
4219,0.20013
4221,0.19983
4223,0.19954
4225,0.19924
4227,0.19894
4229,0.19865
4231,0.19836
4233,0.19806
4235,0.19777
4237,0.19748
4239,0.19719
4241,0.19689
4243,0.1966
4245,0.19632
4247,0.19603
4249,0.19574
4251,0.19545
4253,0.19516
4255,0.19488
4257,0.19459
4259,0.19431
4261,0.19402
4263,0.19374
4265,0.19346
4267,0.19317
4269,0.19289
4271,0.19261
4273,0.19233
4275,0.19205
4277,0.19177
4279,0.19149
4281,0.19121
4283,0.19094
4285,0.19066
4287,0.19038
4289,0.19011
4291,0.18983
4293,0.18956
4295,0.18928
4297,0.18901
4299,0.18874
4301,0.18847
4303,0.18819
4305,0.18792
4307,0.18765
4309,0.18738
4311,0.18712
4313,0.18685
4315,0.18658
4317,0.18631
4319,0.18605
4321,0.18578
4323,0.18551
4325,0.18525
4327,0.18498
4329,0.18472
4331,0.18446
4333,0.1842
4335,0.18393
4337,0.18367
4339,0.18341
4341,0.18315
4343,0.18289
4345,0.18263
4347,0.18237
4349,0.18212
4351,0.18186
4353,0.1816
4355,0.18134
4357,0.18109
4359,0.18083
4361,0.18058
4363,0.18032
4365,0.18007
4367,0.17982
4369,0.17957
4371,0.17931
4373,0.17906
4375,0.17881
4377,0.17856
4379,0.17831
4381,0.17806
4383,0.17781
4385,0.17756
4387,0.17732
4389,0.17707
4391,0.17682
4393,0.17658
4395,0.17633
4397,0.17609
4399,0.17584
4401,0.1756
4403,0.17535
4405,0.17511
4407,0.17487
4409,0.17463
4411,0.17438
4413,0.17414
4415,0.1739
4417,0.17366
4419,0.17342
4421,0.17319
4423,0.17295
4425,0.17271
4427,0.17247
4429,0.17223
4431,0.172
4433,0.17176
4435,0.17153
4437,0.17129
4439,0.17106
4441,0.17082
4443,0.17059
4445,0.17036
4447,0.17012
4449,0.16989
4451,0.16966
4453,0.16943
4455,0.1692
4457,0.16897
4459,0.16874
4461,0.16851
4463,0.16828
4465,0.16805
4467,0.16783
4469,0.1676
4471,0.16737
4473,0.16714
4475,0.16692
4477,0.16669
4479,0.16647
4481,0.16624
4483,0.16602
4485,0.1658
4487,0.16557
4489,0.16535
4491,0.16513
4493,0.16491
4495,0.16469
4497,0.16446
4499,0.16424
4501,0.16402
4503,0.1638
4505,0.16359
4507,0.16337
4509,0.16315
4511,0.16293
4513,0.16271
4515,0.1625
4517,0.16228
4519,0.16206
4521,0.16185
4523,0.16163
4525,0.16142
4527,0.16121
4529,0.16099
4531,0.16078
4533,0.16057
4535,0.16035
4537,0.16014
4539,0.15993
4541,0.15972
4543,0.15951
4545,0.1593
4547,0.15909
4549,0.15888
4551,0.15867
4553,0.15846
4555,0.15825
4557,0.15804
4559,0.15784
4561,0.15763
4563,0.15742
4565,0.15722
4567,0.15701
4569,0.15681
4571,0.1566
4573,0.1564
4575,0.15619
4577,0.15599
4579,0.15578
4581,0.15558
4583,0.15538
4585,0.15518
4587,0.15498
4589,0.15477
4591,0.15457
4593,0.15437
4595,0.15417
4597,0.15397
4599,0.15377
4601,0.15357
4603,0.15338
4605,0.15318
4607,0.15298
4609,0.15278
4611,0.15258
4613,0.15239
4615,0.15219
4617,0.152
4619,0.1518
4621,0.15161
4623,0.15141
4625,0.15122
4627,0.15102
4629,0.15083
4631,0.15064
4633,0.15044
4635,0.15025
4637,0.15006
4639,0.14987
4641,0.14967
4643,0.14948
4645,0.14929
4647,0.1491
4649,0.14891
4651,0.14872
4653,0.14853
4655,0.14835
4657,0.14816
4659,0.14797
4661,0.14778
4663,0.14759
4665,0.14741
4667,0.14722
4669,0.14703
4671,0.14685
4673,0.14666
4675,0.14648
4677,0.14629
4679,0.14611
4681,0.14592
4683,0.14574
4685,0.14556
4687,0.14537
4689,0.14519
4691,0.14501
4693,0.14483
4695,0.14464
4697,0.14446
4699,0.14428
4701,0.1441
4703,0.14392
4705,0.14374
4707,0.14356
4709,0.14338
4711,0.1432
4713,0.14302
4715,0.14285
4717,0.14267
4719,0.14249
4721,0.14231
4723,0.14214
4725,0.14196
4727,0.14178
4729,0.14161
4731,0.14143
4733,0.14126
4735,0.14108
4737,0.14091
4739,0.14073
4741,0.14056
4743,0.14038
4745,0.14021
4747,0.14004
4749,0.13987
4751,0.13969
4753,0.13952
4755,0.13935
4757,0.13918
4759,0.13901
4761,0.13884
4763,0.13867
4765,0.13849
4767,0.13833
4769,0.13816
4771,0.13799
4773,0.13782
4775,0.13765
4777,0.13748
4779,0.13731
4781,0.13714
4783,0.13698
4785,0.13681
4787,0.13664
4789,0.13648
4791,0.13631
4793,0.13615
4795,0.13598
4797,0.13581
4799,0.13565
4801,0.13548
4803,0.13532
4805,0.13516
4807,0.13499
4809,0.13483
4811,0.13467
4813,0.1345
4815,0.13434
4817,0.13418
4819,0.13402
4821,0.13385
4823,0.13369
4825,0.13353
4827,0.13337
4829,0.13321
4831,0.13305
4833,0.13289
4835,0.13273
4837,0.13257
4839,0.13241
4841,0.13225
4843,0.1321
4845,0.13194
4847,0.13178
4849,0.13162
4851,0.13146
4853,0.13131
4855,0.13115
4857,0.13099
4859,0.13084
4861,0.13068
4863,0.13053
4865,0.13037
4867,0.13022
4869,0.13006
4871,0.12991
4873,0.12975
4875,0.1296
4877,0.12944
4879,0.12929
4881,0.12914
4883,0.12898
4885,0.12883
4887,0.12868
4889,0.12853
4891,0.12838
4893,0.12822
4895,0.12807
4897,0.12792
4899,0.12777
4901,0.12762
4903,0.12747
4905,0.12732
4907,0.12717
4909,0.12702
4911,0.12687
4913,0.12672
4915,0.12657
4917,0.12643
4919,0.12628
4921,0.12613
4923,0.12598
4925,0.12584
4927,0.12569
4929,0.12554
4931,0.12539
4933,0.12525
4935,0.1251
4937,0.12496
4939,0.12481
4941,0.12467
4943,0.12452
4945,0.12438
4947,0.12423
4949,0.12409
4951,0.12394
4953,0.1238
4955,0.12366
4957,0.12351
4959,0.12337
4961,0.12323
4963,0.12308
4965,0.12294
4967,0.1228
4969,0.12266
4971,0.12252
4973,0.12237
4975,0.12223
4977,0.12209
4979,0.12195
4981,0.12181
4983,0.12167
4985,0.12153
4987,0.12139
4989,0.12125
4991,0.12111
4993,0.12097
4995,0.12084
4997,0.1207
4999,0.12056
5001,0.12042
5003,0.12028
5005,0.12015
5007,0.12001
5009,0.11987
5011,0.11973
5013,0.1196
5015,0.11946
5017,0.11933
5019,0.11919
5021,0.11905
5023,0.11892
5025,0.11878
5027,0.11865
5029,0.11851
5031,0.11838
5033,0.11825
5035,0.11811
5037,0.11798
5039,0.11784
5041,0.11771
5043,0.11758
5045,0.11744
5047,0.11731
5049,0.11718
5051,0.11705
5053,0.11692
5055,0.11678
5057,0.11665
5059,0.11652
5061,0.11639
5063,0.11626
5065,0.11613
5067,0.116
5069,0.11587
5071,0.11574
5073,0.11561
5075,0.11548
5077,0.11535
5079,0.11522
5081,0.11509
5083,0.11496
5085,0.11483
5087,0.1147
5089,0.11458
5091,0.11445
5093,0.11432
5095,0.11419
5097,0.11407
5099,0.11394
5101,0.11381
5103,0.11369
5105,0.11356
5107,0.11343
5109,0.11331
5111,0.11318
5113,0.11306
5115,0.11293
5117,0.1128
5119,0.11268
5121,0.11255
5123,0.11243
5125,0.11231
5127,0.11218
5129,0.11206
5131,0.11193
5133,0.11181
5135,0.11169
5137,0.11156
5139,0.11144
5141,0.11132
5143,0.1112
5145,0.11107
5147,0.11095
5149,0.11083
5151,0.11071
5153,0.11059
5155,0.11046
5157,0.11034
5159,0.11022
5161,0.1101
5163,0.10998
5165,0.10986
5167,0.10974
5169,0.10962
5171,0.1095
5173,0.10938
5175,0.10926
5177,0.10914
5179,0.10902
5181,0.1089
5183,0.10879
5185,0.10867
5187,0.10855
5189,0.10843
5191,0.10831
5193,0.1082
5195,0.10808
5197,0.10796
5199,0.10784
5201,0.10773
5203,0.10761
5205,0.10749
5207,0.10738
5209,0.10726
5211,0.10715
5213,0.10703
5215,0.10691
5217,0.1068
5219,0.10668
5221,0.10657
5223,0.10645
5225,0.10634
5227,0.10622
5229,0.10611
5231,0.106
5233,0.10588
5235,0.10577
5237,0.10565
5239,0.10554
5241,0.10543
5243,0.10531
5245,0.1052
5247,0.10509
5249,0.10498
5251,0.10486
5253,0.10475
5255,0.10464
5257,0.10453
5259,0.10442
5261,0.1043
5263,0.10419
5265,0.10408
5267,0.10397
5269,0.10386
5271,0.10375
5273,0.10364
5275,0.10353
5277,0.10342
5279,0.10331
5281,0.1032
5283,0.10309
5285,0.10298
5287,0.10287
5289,0.10276
5291,0.10265
5293,0.10254
5295,0.10244
5297,0.10233
5299,0.10222
5301,0.10211
5303,0.102
5305,0.1019
5307,0.10179
5309,0.10168
5311,0.10157
5313,0.10147
5315,0.10136
5317,0.10125
5319,0.10115
5321,0.10104
5323,0.10093
5325,0.10083
5327,0.10072
5329,0.10062
5331,0.10051
5333,0.10041
5335,0.1003
5337,0.1002
5339,0.10009
5341,0.099986
5343,0.099881
5345,0.099777
5347,0.099673
5349,0.099569
5351,0.099465
5353,0.099361
5355,0.099257
5357,0.099154
5359,0.09905
5361,0.098947
5363,0.098844
5365,0.098741
5367,0.098639
5369,0.098536
5371,0.098434
5373,0.098332
5375,0.09823
5377,0.098128
5379,0.098026
5381,0.097924
5383,0.097823
5385,0.097722
5387,0.097621
5389,0.09752
5391,0.097419
5393,0.097318
5395,0.097218
5397,0.097117
5399,0.097017
5401,0.096917
5403,0.096817
5405,0.096717
5407,0.096618
5409,0.096518
5411,0.096419
5413,0.09632
5415,0.096221
5417,0.096122
5419,0.096023
5421,0.095925
5423,0.095826
5425,0.095728
5427,0.09563
5429,0.095532
5431,0.095434
5433,0.095336
5435,0.095239
5437,0.095142
5439,0.095044
5441,0.094947
5443,0.09485
5445,0.094754
5447,0.094657
5449,0.09456
5451,0.094464
5453,0.094368
5455,0.094272
5457,0.094176
5459,0.09408
5461,0.093984
5463,0.093889
5465,0.093793
5467,0.093698
5469,0.093603
5471,0.093508
5473,0.093413
5475,0.093319
5477,0.093224
5479,0.09313
5481,0.093036
5483,0.092941
5485,0.092847
5487,0.092754
5489,0.09266
5491,0.092566
5493,0.092473
5495,0.09238
5497,0.092287
5499,0.092194
5501,0.092101
5503,0.092008
5505,0.091915
5507,0.091823
5509,0.091731
5511,0.091638
5513,0.091546
5515,0.091454
5517,0.091363
5519,0.091271
5521,0.091179
5523,0.091088
5525,0.090997
5527,0.090906
5529,0.090815
5531,0.090724
5533,0.090633
5535,0.090543
5537,0.090452
5539,0.090362
5541,0.090272
5543,0.090182
5545,0.090092
5547,0.090002
5549,0.089912
5551,0.089823
5553,0.089733
5555,0.089644
5557,0.089555
5559,0.089466
5561,0.089377
5563,0.089288
5565,0.0892
5567,0.089111
5569,0.089023
5571,0.088934
5573,0.088846
5575,0.088758
5577,0.08867
5579,0.088583
5581,0.088495
5583,0.088408
5585,0.08832
5587,0.088233
5589,0.088146
5591,0.088059
5593,0.087972
5595,0.087885
5597,0.087799
5599,0.087712
5601,0.087626
5603,0.087539
5605,0.087453
5607,0.087367
5609,0.087281
5611,0.087196
5613,0.08711
5615,0.087025
5617,0.086939
5619,0.086854
5621,0.086769
5623,0.086684
5625,0.086599
5627,0.086514
5629,0.086429
5631,0.086345
5633,0.08626
5635,0.086176
5637,0.086092
5639,0.086008
5641,0.085924
5643,0.08584
5645,0.085756
5647,0.085673
5649,0.085589
5651,0.085506
5653,0.085423
5655,0.08534
5657,0.085257
5659,0.085174
5661,0.085091
5663,0.085008
5665,0.084926
5667,0.084843
5669,0.084761
5671,0.084679
5673,0.084597
5675,0.084515
5677,0.084433
5679,0.084351
5681,0.08427
5683,0.084188
5685,0.084107
5687,0.084025
5689,0.083944
5691,0.083863
5693,0.083782
5695,0.083702
5697,0.083621
5699,0.08354
5701,0.08346
5703,0.083379
5705,0.083299
5707,0.083219
5709,0.083139
5711,0.083059
5713,0.082979
5715,0.082899
5717,0.08282
5719,0.08274
5721,0.082661
5723,0.082582
5725,0.082503
5727,0.082424
5729,0.082345
5731,0.082266
5733,0.082187
5735,0.082108
5737,0.08203
5739,0.081952
5741,0.081873
5743,0.081795
5745,0.081717
5747,0.081639
5749,0.081561
5751,0.081483
5753,0.081406
5755,0.081328
5757,0.081251
5759,0.081174
5761,0.081096
5763,0.081019
5765,0.080942
5767,0.080865
5769,0.080789
5771,0.080712
5773,0.080635
5775,0.080559
5777,0.080482
5779,0.080406
5781,0.08033
5783,0.080254
5785,0.080178
5787,0.080102
5789,0.080026
5791,0.079951
5793,0.079875
5795,0.0798
5797,0.079724
5799,0.079649
5801,0.079574
5803,0.079499
5805,0.079424
5807,0.079349
5809,0.079274
5811,0.0792
5813,0.079125
5815,0.079051
5817,0.078977
5819,0.078902
5821,0.078828
5823,0.078754
5825,0.07868
5827,0.078606
5829,0.078533
5831,0.078459
5833,0.078386
5835,0.078312
5837,0.078239
5839,0.078166
5841,0.078092
5843,0.078019
5845,0.077946
5847,0.077874
5849,0.077801
5851,0.077728
5853,0.077656
5855,0.077583
5857,0.077511
5859,0.077439
5861,0.077366
5863,0.077294
5865,0.077222
5867,0.077151
5869,0.077079
5871,0.077007
5873,0.076935
5875,0.076864
5877,0.076793
5879,0.076721
5881,0.07665
5883,0.076579
5885,0.076508
5887,0.076437
5889,0.076366
5891,0.076295
5893,0.076225
5895,0.076154
5897,0.076084
5899,0.076013
5901,0.075943
5903,0.075873
5905,0.075803
5907,0.075733
5909,0.075663
5911,0.075593
5913,0.075524
5915,0.075454
5917,0.075384
5919,0.075315
5921,0.075246
5923,0.075176
5925,0.075107
5927,0.075038
5929,0.074969
5931,0.0749
5933,0.074831
5935,0.074763
5937,0.074694
5939,0.074626
5941,0.074557
5943,0.074489
5945,0.074421
5947,0.074352
5949,0.074284
5951,0.074216
5953,0.074148
5955,0.074081
5957,0.074013
5959,0.073945
5961,0.073878
5963,0.07381
5965,0.073743
5967,0.073676
5969,0.073608
5971,0.073541
5973,0.073474
5975,0.073407
5977,0.07334
5979,0.073274
5981,0.073207
5983,0.07314
5985,0.073074
5987,0.073007
5989,0.072941
5991,0.072875
5993,0.072809
5995,0.072743
5997,0.072677
5999,0.072611
6001,0.072545
6003,0.072479
6005,0.072414
6007,0.072348
6009,0.072282
6011,0.072217
6013,0.072152
6015,0.072087
6017,0.072021
6019,0.071956
6021,0.071891
6023,0.071826
6025,0.071762
6027,0.071697
6029,0.071632
6031,0.071568
6033,0.071503
6035,0.071439
6037,0.071375
6039,0.07131
6041,0.071246
6043,0.071182
6045,0.071118
6047,0.071054
6049,0.07099
6051,0.070927
6053,0.070863
6055,0.070799
6057,0.070736
6059,0.070672
6061,0.070609
6063,0.070546
6065,0.070483
6067,0.07042
6069,0.070357
6071,0.070294
6073,0.070231
6075,0.070168
6077,0.070105
6079,0.070043
6081,0.06998
6083,0.069918
6085,0.069855
6087,0.069793
6089,0.069731
6091,0.069669
6093,0.069607
6095,0.069545
6097,0.069483
6099,0.069421
6101,0.069359
6103,0.069297
6105,0.069236
6107,0.069174
6109,0.069113
6111,0.069052
6113,0.06899
6115,0.068929
6117,0.068868
6119,0.068807
6121,0.068746
6123,0.068685
6125,0.068624
6127,0.068563
6129,0.068503
6131,0.068442
6133,0.068382
6135,0.068321
6137,0.068261
6139,0.0682
6141,0.06814
6143,0.06808
6145,0.06802
6147,0.06796
6149,0.0679
6151,0.06784
6153,0.06778
6155,0.067721
6157,0.067661
6159,0.067602
6161,0.067542
6163,0.067483
6165,0.067423
6167,0.067364
6169,0.067305
6171,0.067246
6173,0.067187
6175,0.067128
6177,0.067069
6179,0.06701
6181,0.066951
6183,0.066893
6185,0.066834
6187,0.066776
6189,0.066717
6191,0.066659
6193,0.0666
6195,0.066542
6197,0.066484
6199,0.066426
6201,0.066368
6203,0.06631
6205,0.066252
6207,0.066194
6209,0.066137
6211,0.066079
6213,0.066021
6215,0.065964
6217,0.065906
6219,0.065849
6221,0.065792
6223,0.065734
6225,0.065677
6227,0.06562
6229,0.065563
6231,0.065506
6233,0.065449
6235,0.065392
6237,0.065336
6239,0.065279
6241,0.065222
6243,0.065166
6245,0.065109
6247,0.065053
6249,0.064997
6251,0.06494
6253,0.064884
6255,0.064828
6257,0.064772
6259,0.064716
6261,0.06466
6263,0.064604
6265,0.064548
6267,0.064493
6269,0.064437
6271,0.064381
6273,0.064326
6275,0.06427
6277,0.064215
6279,0.06416
6281,0.064104
6283,0.064049
6285,0.063994
6287,0.063939
6289,0.063884
6291,0.063829
6293,0.063774
6295,0.063719
6297,0.063665
6299,0.06361
6301,0.063555
6303,0.063501
6305,0.063446
6307,0.063392
6309,0.063338
6311,0.063283
6313,0.063229
6315,0.063175
6317,0.063121
6319,0.063067
6321,0.063013
6323,0.062959
6325,0.062905
6327,0.062852
6329,0.062798
6331,0.062744
6333,0.062691
6335,0.062637
6337,0.062584
6339,0.06253
6341,0.062477
6343,0.062424
6345,0.062371
6347,0.062318
6349,0.062265
6351,0.062212
6353,0.062159
6355,0.062106
6357,0.062053
6359,0.062
6361,0.061948
6363,0.061895
6365,0.061842
6367,0.06179
6369,0.061738
6371,0.061685
6373,0.061633
6375,0.061581
6377,0.061529
6379,0.061476
6381,0.061424
6383,0.061372
6385,0.06132
6387,0.061269
6389,0.061217
6391,0.061165
6393,0.061113
6395,0.061062
6397,0.06101
6399,0.060959
6401,0.060907
6403,0.060856
6405,0.060805
6407,0.060753
6409,0.060702
6411,0.060651
6413,0.0606
6415,0.060549
6417,0.060498
6419,0.060447
6421,0.060396
6423,0.060345
6425,0.060295
6427,0.060244
6429,0.060193
6431,0.060143
6433,0.060092
6435,0.060042
6437,0.059992
6439,0.059941
6441,0.059891
6443,0.059841
6445,0.059791
6447,0.059741
6449,0.059691
6451,0.059641
6453,0.059591
6455,0.059541
6457,0.059491
6459,0.059441
6461,0.059392
6463,0.059342
6465,0.059293
6467,0.059243
6469,0.059194
6471,0.059144
6473,0.059095
6475,0.059046
6477,0.058997
6479,0.058947
6481,0.058898
6483,0.058849
6485,0.0588
6487,0.058751
6489,0.058702
6491,0.058654
6493,0.058605
6495,0.058556
6497,0.058508
6499,0.058459
6501,0.05841
6503,0.058362
6505,0.058314
6507,0.058265
6509,0.058217
6511,0.058169
6513,0.05812
6515,0.058072
6517,0.058024
6519,0.057976
6521,0.057928
6523,0.05788
6525,0.057832
6527,0.057785
6529,0.057737
6531,0.057689
6533,0.057642
6535,0.057594
6537,0.057546
6539,0.057499
6541,0.057451
6543,0.057404
6545,0.057357
6547,0.05731
6549,0.057262
6551,0.057215
6553,0.057168
6555,0.057121
6557,0.057074
6559,0.057027
6561,0.05698
6563,0.056933
6565,0.056887
6567,0.05684
6569,0.056793
6571,0.056747
6573,0.0567
6575,0.056653
6577,0.056607
6579,0.056561
6581,0.056514
6583,0.056468
6585,0.056422
6587,0.056375
6589,0.056329
6591,0.056283
6593,0.056237
6595,0.056191
6597,0.056145
6599,0.056099
6601,0.056053
6603,0.056008
6605,0.055962
6607,0.055916
6609,0.055871
6611,0.055825
6613,0.05578
6615,0.055734
6617,0.055689
6619,0.055643
6621,0.055598
6623,0.055553
6625,0.055507
6627,0.055462
6629,0.055417
6631,0.055372
6633,0.055327
6635,0.055282
6637,0.055237
6639,0.055192
6641,0.055147
6643,0.055103
6645,0.055058
6647,0.055013
6649,0.054969
6651,0.054924
6653,0.05488
6655,0.054835
6657,0.054791
6659,0.054746
6661,0.054702
6663,0.054658
6665,0.054613
6667,0.054569
6669,0.054525
6671,0.054481
6673,0.054437
6675,0.054393
6677,0.054349
6679,0.054305
6681,0.054261
6683,0.054218
6685,0.054174
6687,0.05413
6689,0.054087
6691,0.054043
6693,0.053999
6695,0.053956
6697,0.053913
6699,0.053869
6701,0.053826
6703,0.053782
6705,0.053739
6707,0.053696
6709,0.053653
6711,0.05361
6713,0.053567
6715,0.053524
6717,0.053481
6719,0.053438
6721,0.053395
6723,0.053352
6725,0.053309
6727,0.053267
6729,0.053224
6731,0.053181
6733,0.053139
6735,0.053096
6737,0.053054
6739,0.053011
6741,0.052969
6743,0.052926
6745,0.052884
6747,0.052842
6749,0.0528
6751,0.052757
6753,0.052715
6755,0.052673
6757,0.052631
6759,0.052589
6761,0.052547
6763,0.052505
6765,0.052463
6767,0.052422
6769,0.05238
6771,0.052338
6773,0.052297
6775,0.052255
6777,0.052213
6779,0.052172
6781,0.05213
6783,0.052089
6785,0.052047
6787,0.052006
6789,0.051965
6791,0.051924
6793,0.051882
6795,0.051841
6797,0.0518
6799,0.051759
6801,0.051718
6803,0.051677
6805,0.051636
6807,0.051595
6809,0.051554
6811,0.051513
6813,0.051473
6815,0.051432
6817,0.051391
6819,0.05135
6821,0.05131
6823,0.051269
6825,0.051229
6827,0.051188
6829,0.051148
6831,0.051108
6833,0.051067
6835,0.051027
6837,0.050987
6839,0.050946
6841,0.050906
6843,0.050866
6845,0.050826
6847,0.050786
6849,0.050746
6851,0.050706
6853,0.050666
6855,0.050626
6857,0.050586
6859,0.050547
6861,0.050507
6863,0.050467
6865,0.050428
6867,0.050388
6869,0.050348
6871,0.050309
6873,0.050269
6875,0.05023
6877,0.050191
6879,0.050151
6881,0.050112
6883,0.050073
6885,0.050033
6887,0.049994
6889,0.049955
6891,0.049916
6893,0.049877
6895,0.049838
6897,0.049799
6899,0.04976
6901,0.049721
6903,0.049682
6905,0.049643
6907,0.049605
6909,0.049566
6911,0.049527
6913,0.049489
6915,0.04945
6917,0.049411
6919,0.049373
6921,0.049334
6923,0.049296
6925,0.049257
6927,0.049219
6929,0.049181
6931,0.049142
6933,0.049104
6935,0.049066
6937,0.049028
6939,0.04899
6941,0.048952
6943,0.048914
6945,0.048876
6947,0.048838
6949,0.0488
6951,0.048762
6953,0.048724
6955,0.048686
6957,0.048648
6959,0.048611
6961,0.048573
6963,0.048535
6965,0.048498
6967,0.04846
6969,0.048423
6971,0.048385
6973,0.048348
6975,0.04831
6977,0.048273
6979,0.048236
6981,0.048198
6983,0.048161
6985,0.048124
6987,0.048087
6989,0.04805
6991,0.048012
6993,0.047975
6995,0.047938
6997,0.047901
6999,0.047864
7001,0.047828
7003,0.047791
7005,0.047754
7007,0.047717
7009,0.04768
7011,0.047644
7013,0.047607
7015,0.04757
7017,0.047534
7019,0.047497
7021,0.047461
7023,0.047424
7025,0.047388
7027,0.047351
7029,0.047315
7031,0.047278
7033,0.047242
7035,0.047206
7037,0.04717
7039,0.047134
7041,0.047097
7043,0.047061
7045,0.047025
7047,0.046989
7049,0.046953
7051,0.046917
7053,0.046881
7055,0.046845
7057,0.04681
7059,0.046774
7061,0.046738
7063,0.046702
7065,0.046667
7067,0.046631
7069,0.046595
7071,0.04656
7073,0.046524
7075,0.046489
7077,0.046453
7079,0.046418
7081,0.046382
7083,0.046347
7085,0.046311
7087,0.046276
7089,0.046241
7091,0.046206
7093,0.04617
7095,0.046135
7097,0.0461
7099,0.046065
7101,0.04603
7103,0.045995
7105,0.04596
7107,0.045925
7109,0.04589
7111,0.045855
7113,0.045821
7115,0.045786
7117,0.045751
7119,0.045716
7121,0.045682
7123,0.045647
7125,0.045612
7127,0.045578
7129,0.045543
7131,0.045509
7133,0.045474
7135,0.04544
7137,0.045405
7139,0.045371
7141,0.045337
7143,0.045302
7145,0.045268
7147,0.045234
7149,0.045199
7151,0.045165
7153,0.045131
7155,0.045097
7157,0.045063
7159,0.045029
7161,0.044995
7163,0.044961
7165,0.044927
7167,0.044893
7169,0.044859
7171,0.044826
7173,0.044792
7175,0.044758
7177,0.044724
7179,0.044691
7181,0.044657
7183,0.044623
7185,0.04459
7187,0.044556
7189,0.044523
7191,0.044489
7193,0.044456
7195,0.044422
7197,0.044389
7199,0.044356
7201,0.044322
7203,0.044289
7205,0.044256
7207,0.044222
7209,0.044189
7211,0.044156
7213,0.044123
7215,0.04409
7217,0.044057
7219,0.044024
7221,0.043991
7223,0.043958
7225,0.043925
7227,0.043892
7229,0.043859
7231,0.043826
7233,0.043794
7235,0.043761
7237,0.043728
7239,0.043695
7241,0.043663
7243,0.04363
7245,0.043598
7247,0.043565
7249,0.043532
7251,0.0435
7253,0.043467
7255,0.043435
7257,0.043403
7259,0.04337
7261,0.043338
7263,0.043306
7265,0.043273
7267,0.043241
7269,0.043209
7271,0.043177
7273,0.043145
7275,0.043113
7277,0.04308
7279,0.043048
7281,0.043016
7283,0.042984
7285,0.042952
7287,0.04292
7289,0.042889
7291,0.042857
7293,0.042825
7295,0.042793
7297,0.042761
7299,0.04273
7301,0.042698
7303,0.042666
7305,0.042635
7307,0.042603
7309,0.042571
7311,0.04254
7313,0.042508
7315,0.042477
7317,0.042445
7319,0.042414
7321,0.042383
7323,0.042351
7325,0.04232
7327,0.042289
7329,0.042257
7331,0.042226
7333,0.042195
7335,0.042164
7337,0.042133
7339,0.042101
7341,0.04207
7343,0.042039
7345,0.042008
7347,0.041977
7349,0.041946
7351,0.041915
7353,0.041884
7355,0.041854
7357,0.041823
7359,0.041792
7361,0.041761
7363,0.04173
7365,0.0417
7367,0.041669
7369,0.041638
7371,0.041608
7373,0.041577
7375,0.041547
7377,0.041516
7379,0.041485
7381,0.041455
7383,0.041425
7385,0.041394
7387,0.041364
7389,0.041333
7391,0.041303
7393,0.041273
7395,0.041242
7397,0.041212
7399,0.041182
7401,0.041152
7403,0.041122
7405,0.041091
7407,0.041061
7409,0.041031
7411,0.041001
7413,0.040971
7415,0.040941
7417,0.040911
7419,0.040881
7421,0.040851
7423,0.040822
7425,0.040792
7427,0.040762
7429,0.040732
7431,0.040702
7433,0.040673
7435,0.040643
7437,0.040613
7439,0.040584
7441,0.040554
7443,0.040524
7445,0.040495
7447,0.040465
7449,0.040436
7451,0.040406
7453,0.040377
7455,0.040347
7457,0.040318
7459,0.040289
7461,0.040259
7463,0.04023
7465,0.040201
7467,0.040172
7469,0.040142
7471,0.040113
7473,0.040084
7475,0.040055
7477,0.040026
7479,0.039997
7481,0.039968
7483,0.039939
7485,0.03991
7487,0.039881
7489,0.039852
7491,0.039823
7493,0.039794
7495,0.039765
7497,0.039736
7499,0.039707
7501,0.039679
7503,0.03965
7505,0.039621
7507,0.039592
7509,0.039564
7511,0.039535
7513,0.039507
7515,0.039478
7517,0.039449
7519,0.039421
7521,0.039392
7523,0.039364
7525,0.039335
7527,0.039307
7529,0.039279
7531,0.03925
7533,0.039222
7535,0.039194
7537,0.039165
7539,0.039137
7541,0.039109
7543,0.039081
7545,0.039052
7547,0.039024
7549,0.038996
7551,0.038968
7553,0.03894
7555,0.038912
7557,0.038884
7559,0.038856
7561,0.038828
7563,0.0388
7565,0.038772
7567,0.038744
7569,0.038716
7571,0.038688
7573,0.038661
7575,0.038633
7577,0.038605
7579,0.038577
7581,0.03855
7583,0.038522
7585,0.038494
7587,0.038467
7589,0.038439
7591,0.038411
7593,0.038384
7595,0.038356
7597,0.038329
7599,0.038301
7601,0.038274
7603,0.038247
7605,0.038219
7607,0.038192
7609,0.038164
7611,0.038137
7613,0.03811
7615,0.038083
7617,0.038055
7619,0.038028
7621,0.038001
7623,0.037974
7625,0.037947
7627,0.037919
7629,0.037892
7631,0.037865
7633,0.037838
7635,0.037811
7637,0.037784
7639,0.037757
7641,0.03773
7643,0.037703
7645,0.037677
7647,0.03765
7649,0.037623
7651,0.037596
7653,0.037569
7655,0.037542
7657,0.037516
7659,0.037489
7661,0.037462
7663,0.037436
7665,0.037409
7667,0.037382
7669,0.037356
7671,0.037329
7673,0.037303
7675,0.037276
7677,0.03725
7679,0.037223
7681,0.037197
7683,0.03717
7685,0.037144
7687,0.037117
7689,0.037091
7691,0.037065
7693,0.037038
7695,0.037012
7697,0.036986
7699,0.03696
7701,0.036934
7703,0.036907
7705,0.036881
7707,0.036855
7709,0.036829
7711,0.036803
7713,0.036777
7715,0.036751
7717,0.036725
7719,0.036699
7721,0.036673
7723,0.036647
7725,0.036621
7727,0.036595
7729,0.036569
7731,0.036543
7733,0.036517
7735,0.036492
7737,0.036466
7739,0.03644
7741,0.036414
7743,0.036389
7745,0.036363
7747,0.036337
7749,0.036312
7751,0.036286
7753,0.036261
7755,0.036235
7757,0.036209
7759,0.036184
7761,0.036158
7763,0.036133
7765,0.036108
7767,0.036082
7769,0.036057
7771,0.036031
7773,0.036006
7775,0.035981
7777,0.035955
7779,0.03593
7781,0.035905
7783,0.03588
7785,0.035854
7787,0.035829
7789,0.035804
7791,0.035779
7793,0.035754
7795,0.035729
7797,0.035703
7799,0.035678
7801,0.035653
7803,0.035628
7805,0.035603
7807,0.035578
7809,0.035553
7811,0.035529
7813,0.035504
7815,0.035479
7817,0.035454
7819,0.035429
7821,0.035404
7823,0.035379
7825,0.035355
7827,0.03533
7829,0.035305
7831,0.035281
7833,0.035256
7835,0.035231
7837,0.035207
7839,0.035182
7841,0.035157
7843,0.035133
7845,0.035108
7847,0.035084
7849,0.035059
7851,0.035035
7853,0.03501
7855,0.034986
7857,0.034961
7859,0.034937
7861,0.034913
7863,0.034888
7865,0.034864
7867,0.03484
7869,0.034815
7871,0.034791
7873,0.034767
7875,0.034743
7877,0.034719
7879,0.034694
7881,0.03467
7883,0.034646
7885,0.034622
7887,0.034598
7889,0.034574
7891,0.03455
7893,0.034526
7895,0.034502
7897,0.034478
7899,0.034454
7901,0.03443
7903,0.034406
7905,0.034382
7907,0.034358
7909,0.034334
7911,0.03431
7913,0.034287
7915,0.034263
7917,0.034239
7919,0.034215
7921,0.034192
7923,0.034168
7925,0.034144
7927,0.034121
7929,0.034097
7931,0.034073
7933,0.03405
7935,0.034026
7937,0.034003
7939,0.033979
7941,0.033956
7943,0.033932
7945,0.033909
7947,0.033885
7949,0.033862
7951,0.033838
7953,0.033815
7955,0.033792
7957,0.033768
7959,0.033745
7961,0.033722
7963,0.033698
7965,0.033675
7967,0.033652
7969,0.033629
7971,0.033605
7973,0.033582
7975,0.033559
7977,0.033536
7979,0.033513
7981,0.03349
7983,0.033467
7985,0.033443
7987,0.03342
7989,0.033397
7991,0.033374
7993,0.033351
7995,0.033328
7997,0.033305
7999,0.033283
8001,0.03326
8003,0.033237
8005,0.033214
8007,0.033191
8009,0.033168
8011,0.033145
8013,0.033123
8015,0.0331
8017,0.033077
8019,0.033054
8021,0.033032
8023,0.033009
8025,0.032986
8027,0.032964
8029,0.032941
8031,0.032919
8033,0.032896
8035,0.032873
8037,0.032851
8039,0.032828
8041,0.032806
8043,0.032783
8045,0.032761
8047,0.032738
8049,0.032716
8051,0.032694
8053,0.032671
8055,0.032649
8057,0.032626
8059,0.032604
8061,0.032582
8063,0.03256
8065,0.032537
8067,0.032515
8069,0.032493
8071,0.032471
8073,0.032448
8075,0.032426
8077,0.032404
8079,0.032382
8081,0.03236
8083,0.032338
8085,0.032316
8087,0.032294
8089,0.032272
8091,0.03225
8093,0.032228
8095,0.032206
8097,0.032184
8099,0.032162
8101,0.03214
8103,0.032118
8105,0.032096
8107,0.032074
8109,0.032052
8111,0.03203
8113,0.032009
8115,0.031987
8117,0.031965
8119,0.031943
8121,0.031921
8123,0.0319
8125,0.031878
8127,0.031856
8129,0.031835
8131,0.031813
8133,0.031791
8135,0.03177
8137,0.031748
8139,0.031727
8141,0.031705
8143,0.031684
8145,0.031662
8147,0.031641
8149,0.031619
8151,0.031598
8153,0.031576
8155,0.031555
8157,0.031533
8159,0.031512
8161,0.031491
8163,0.031469
8165,0.031448
8167,0.031427
8169,0.031405
8171,0.031384
8173,0.031363
8175,0.031342
8177,0.03132
8179,0.031299
8181,0.031278
8183,0.031257
8185,0.031236
8187,0.031214
8189,0.031193
8191,0.031172
8193,0.031151
8195,0.03113
8197,0.031109
8199,0.031088
8201,0.031067
8203,0.031046
8205,0.031025
8207,0.031004
8209,0.030983
8211,0.030962
8213,0.030941
8215,0.030921
8217,0.0309
8219,0.030879
8221,0.030858
8223,0.030837
8225,0.030816
8227,0.030796
8229,0.030775
8231,0.030754
8233,0.030733
8235,0.030713
8237,0.030692
8239,0.030671
8241,0.030651
8243,0.03063
8245,0.030609
8247,0.030589
8249,0.030568
8251,0.030548
8253,0.030527
8255,0.030507
8257,0.030486
8259,0.030466
8261,0.030445
8263,0.030425
8265,0.030404
8267,0.030384
8269,0.030363
8271,0.030343
8273,0.030323
8275,0.030302
8277,0.030282
8279,0.030262
8281,0.030241
8283,0.030221
8285,0.030201
8287,0.03018
8289,0.03016
8291,0.03014
8293,0.03012
8295,0.0301
8297,0.030079
8299,0.030059
8301,0.030039
8303,0.030019
8305,0.029999
8307,0.029979
8309,0.029959
8311,0.029939
8313,0.029919
8315,0.029899
8317,0.029879
8319,0.029859
8321,0.029839
8323,0.029819
8325,0.029799
8327,0.029779
8329,0.029759
8331,0.029739
8333,0.029719
8335,0.029699
8337,0.02968
8339,0.02966
8341,0.02964
8343,0.02962
8345,0.0296
8347,0.029581
8349,0.029561
8351,0.029541
8353,0.029521
8355,0.029502
8357,0.029482
8359,0.029462
8361,0.029443
8363,0.029423
8365,0.029404
8367,0.029384
8369,0.029364
8371,0.029345
8373,0.029325
8375,0.029306
8377,0.029286
8379,0.029267
8381,0.029247
8383,0.029228
8385,0.029208
8387,0.029189
8389,0.02917
8391,0.02915
8393,0.029131
8395,0.029111
8397,0.029092
8399,0.029073
8401,0.029053
8403,0.029034
8405,0.029015
8407,0.028996
8409,0.028976
8411,0.028957
8413,0.028938
8415,0.028919
8417,0.028899
8419,0.02888
8421,0.028861
8423,0.028842
8425,0.028823
8427,0.028804
8429,0.028785
8431,0.028766
8433,0.028746
8435,0.028727
8437,0.028708
8439,0.028689
8441,0.02867
8443,0.028651
8445,0.028632
8447,0.028613
8449,0.028595
8451,0.028576
8453,0.028557
8455,0.028538
8457,0.028519
8459,0.0285
8461,0.028481
8463,0.028462
8465,0.028444
8467,0.028425
8469,0.028406
8471,0.028387
8473,0.028368
8475,0.02835
8477,0.028331
8479,0.028312
8481,0.028294
8483,0.028275
8485,0.028256
8487,0.028238
8489,0.028219
8491,0.0282
8493,0.028182
8495,0.028163
8497,0.028145
8499,0.028126
8501,0.028108
8503,0.028089
8505,0.028071
8507,0.028052
8509,0.028034
8511,0.028015
8513,0.027997
8515,0.027978
8517,0.02796
8519,0.027941
8521,0.027923
8523,0.027905
8525,0.027886
8527,0.027868
8529,0.02785
8531,0.027831
8533,0.027813
8535,0.027795
8537,0.027776
8539,0.027758
8541,0.02774
8543,0.027722
8545,0.027703
8547,0.027685
8549,0.027667
8551,0.027649
8553,0.027631
8555,0.027613
8557,0.027595
8559,0.027576
8561,0.027558
8563,0.02754
8565,0.027522
8567,0.027504
8569,0.027486
8571,0.027468
8573,0.02745
8575,0.027432
8577,0.027414
8579,0.027396
8581,0.027378
8583,0.02736
8585,0.027342
8587,0.027324
8589,0.027307
8591,0.027289
8593,0.027271
8595,0.027253
8597,0.027235
8599,0.027217
8601,0.027199
8603,0.027182
8605,0.027164
8607,0.027146
8609,0.027128
8611,0.027111
8613,0.027093
8615,0.027075
8617,0.027058
8619,0.02704
8621,0.027022
8623,0.027005
8625,0.026987
8627,0.026969
8629,0.026952
8631,0.026934
8633,0.026917
8635,0.026899
8637,0.026881
8639,0.026864
8641,0.026846
8643,0.026829
8645,0.026811
8647,0.026794
8649,0.026776
8651,0.026759
8653,0.026742
8655,0.026724
8657,0.026707
8659,0.026689
8661,0.026672
8663,0.026655
8665,0.026637
8667,0.02662
8669,0.026603
8671,0.026585
8673,0.026568
8675,0.026551
8677,0.026533
8679,0.026516
8681,0.026499
8683,0.026482
8685,0.026464
8687,0.026447
8689,0.02643
8691,0.026413
8693,0.026396
8695,0.026379
8697,0.026361
8699,0.026344
8701,0.026327
8703,0.02631
8705,0.026293
8707,0.026276
8709,0.026259
8711,0.026242
8713,0.026225
8715,0.026208
8717,0.026191
8719,0.026174
8721,0.026157
8723,0.02614
8725,0.026123
8727,0.026106
8729,0.026089
8731,0.026072
8733,0.026055
8735,0.026038
8737,0.026022
8739,0.026005
8741,0.025988
8743,0.025971
8745,0.025954
8747,0.025937
8749,0.025921
8751,0.025904
8753,0.025887
8755,0.02587
8757,0.025854
8759,0.025837
8761,0.02582
8763,0.025803
8765,0.025787
8767,0.02577
8769,0.025753
8771,0.025737
8773,0.02572
8775,0.025704
8777,0.025687
8779,0.02567
8781,0.025654
8783,0.025637
8785,0.025621
8787,0.025604
8789,0.025588
8791,0.025571
8793,0.025555
8795,0.025538
8797,0.025522
8799,0.025505
8801,0.025489
8803,0.025472
8805,0.025456
8807,0.025439
8809,0.025423
8811,0.025407
8813,0.02539
8815,0.025374
8817,0.025358
8819,0.025341
8821,0.025325
8823,0.025309
8825,0.025292
8827,0.025276
8829,0.02526
8831,0.025244
8833,0.025227
8835,0.025211
8837,0.025195
8839,0.025179
8841,0.025162
8843,0.025146
8845,0.02513
8847,0.025114
8849,0.025098
8851,0.025082
8853,0.025066
8855,0.025049
8857,0.025033
8859,0.025017
8861,0.025001
8863,0.024985
8865,0.024969
8867,0.024953
8869,0.024937
8871,0.024921
8873,0.024905
8875,0.024889
8877,0.024873
8879,0.024857
8881,0.024841
8883,0.024825
8885,0.024809
8887,0.024793
8889,0.024778
8891,0.024762
8893,0.024746
8895,0.02473
8897,0.024714
8899,0.024698
8901,0.024682
8903,0.024667
8905,0.024651
8907,0.024635
8909,0.024619
8911,0.024604
8913,0.024588
8915,0.024572
8917,0.024556
8919,0.024541
8921,0.024525
8923,0.024509
8925,0.024494
8927,0.024478
8929,0.024462
8931,0.024447
8933,0.024431
8935,0.024415
8937,0.0244
8939,0.024384
8941,0.024369
8943,0.024353
8945,0.024337
8947,0.024322
8949,0.024306
8951,0.024291
8953,0.024275
8955,0.02426
8957,0.024244
8959,0.024229
8961,0.024213
8963,0.024198
8965,0.024183
8967,0.024167
8969,0.024152
8971,0.024136
8973,0.024121
8975,0.024106
8977,0.02409
8979,0.024075
8981,0.024059
8983,0.024044
8985,0.024029
8987,0.024014
8989,0.023998
8991,0.023983
8993,0.023968
8995,0.023952
8997,0.023937
8999,0.023922
9001,0.023907
9003,0.023891
9005,0.023876
9007,0.023861
9009,0.023846
9011,0.023831
9013,0.023816
9015,0.0238
9017,0.023785
9019,0.02377
9021,0.023755
9023,0.02374
9025,0.023725
9027,0.02371
9029,0.023695
9031,0.02368
9033,0.023665
9035,0.02365
9037,0.023635
9039,0.02362
9041,0.023605
9043,0.02359
9045,0.023575
9047,0.02356
9049,0.023545
9051,0.02353
9053,0.023515
9055,0.0235
9057,0.023485
9059,0.02347
9061,0.023455
9063,0.02344
9065,0.023426
9067,0.023411
9069,0.023396
9071,0.023381
9073,0.023366
9075,0.023351
9077,0.023337
9079,0.023322
9081,0.023307
9083,0.023292
9085,0.023278
9087,0.023263
9089,0.023248
9091,0.023233
9093,0.023219
9095,0.023204
9097,0.023189
9099,0.023175
9101,0.02316
9103,0.023145
9105,0.023131
9107,0.023116
9109,0.023101
9111,0.023087
9113,0.023072
9115,0.023058
9117,0.023043
9119,0.023028
9121,0.023014
9123,0.022999
9125,0.022985
9127,0.02297
9129,0.022956
9131,0.022941
9133,0.022927
9135,0.022912
9137,0.022898
9139,0.022883
9141,0.022869
9143,0.022855
9145,0.02284
9147,0.022826
9149,0.022811
9151,0.022797
9153,0.022783
9155,0.022768
9157,0.022754
9159,0.02274
9161,0.022725
9163,0.022711
9165,0.022697
9167,0.022682
9169,0.022668
9171,0.022654
9173,0.022639
9175,0.022625
9177,0.022611
9179,0.022597
9181,0.022582
9183,0.022568
9185,0.022554
9187,0.02254
9189,0.022526
9191,0.022511
9193,0.022497
9195,0.022483
9197,0.022469
9199,0.022455
9201,0.022441
9203,0.022427
9205,0.022413
9207,0.022398
9209,0.022384
9211,0.02237
9213,0.022356
9215,0.022342
9217,0.022328
9219,0.022314
9221,0.0223
9223,0.022286
9225,0.022272
9227,0.022258
9229,0.022244
9231,0.02223
9233,0.022216
9235,0.022202
9237,0.022188
9239,0.022174
9241,0.02216
9243,0.022147
9245,0.022133
9247,0.022119
9249,0.022105
9251,0.022091
9253,0.022077
9255,0.022063
9257,0.02205
9259,0.022036
9261,0.022022
9263,0.022008
9265,0.021994
9267,0.021981
9269,0.021967
9271,0.021953
9273,0.021939
9275,0.021925
9277,0.021912
9279,0.021898
9281,0.021884
9283,0.021871
9285,0.021857
9287,0.021843
9289,0.02183
9291,0.021816
9293,0.021802
9295,0.021789
9297,0.021775
9299,0.021761
9301,0.021748
9303,0.021734
9305,0.021721
9307,0.021707
9309,0.021693
9311,0.02168
9313,0.021666
9315,0.021653
9317,0.021639
9319,0.021626
9321,0.021612
9323,0.021599
9325,0.021585
9327,0.021572
9329,0.021558
9331,0.021545
9333,0.021531
9335,0.021518
9337,0.021504
9339,0.021491
9341,0.021478
9343,0.021464
9345,0.021451
9347,0.021437
9349,0.021424
9351,0.021411
9353,0.021397
9355,0.021384
9357,0.021371
9359,0.021357
9361,0.021344
9363,0.021331
9365,0.021317
9367,0.021304
9369,0.021291
9371,0.021278
9373,0.021264
9375,0.021251
9377,0.021238
9379,0.021225
9381,0.021211
9383,0.021198
9385,0.021185
9387,0.021172
9389,0.021159
9391,0.021145
9393,0.021132
9395,0.021119
9397,0.021106
9399,0.021093
9401,0.02108
9403,0.021067
9405,0.021054
9407,0.02104
9409,0.021027
9411,0.021014
9413,0.021001
9415,0.020988
9417,0.020975
9419,0.020962
9421,0.020949
9423,0.020936
9425,0.020923
9427,0.02091
9429,0.020897
9431,0.020884
9433,0.020871
9435,0.020858
9437,0.020845
9439,0.020832
9441,0.020819
9443,0.020806
9445,0.020793
9447,0.020781
9449,0.020768
9451,0.020755
9453,0.020742
9455,0.020729
9457,0.020716
9459,0.020703
9461,0.02069
9463,0.020678
9465,0.020665
9467,0.020652
9469,0.020639
9471,0.020626
9473,0.020614
9475,0.020601
9477,0.020588
9479,0.020575
9481,0.020563
9483,0.02055
9485,0.020537
9487,0.020524
9489,0.020512
9491,0.020499
9493,0.020486
9495,0.020474
9497,0.020461
9499,0.020448
9501,0.020436
9503,0.020423
9505,0.02041
9507,0.020398
9509,0.020385
9511,0.020372
9513,0.02036
9515,0.020347
9517,0.020335
9519,0.020322
9521,0.020309
9523,0.020297
9525,0.020284
9527,0.020272
9529,0.020259
9531,0.020247
9533,0.020234
9535,0.020222
9537,0.020209
9539,0.020197
9541,0.020184
9543,0.020172
9545,0.020159
9547,0.020147
9549,0.020134
9551,0.020122
9553,0.02011
9555,0.020097
9557,0.020085
9559,0.020072
9561,0.02006
9563,0.020048
9565,0.020035
9567,0.020023
9569,0.02001
9571,0.019998
9573,0.019986
9575,0.019973
9577,0.019961
9579,0.019949
9581,0.019937
9583,0.019924
9585,0.019912
9587,0.0199
9589,0.019887
9591,0.019875
9593,0.019863
9595,0.019851
9597,0.019838
9599,0.019826
9601,0.019814
9603,0.019802
9605,0.01979
9607,0.019777
9609,0.019765
9611,0.019753
9613,0.019741
9615,0.019729
9617,0.019717
9619,0.019704
9621,0.019692
9623,0.01968
9625,0.019668
9627,0.019656
9629,0.019644
9631,0.019632
9633,0.01962
9635,0.019608
9637,0.019596
9639,0.019584
9641,0.019571
9643,0.019559
9645,0.019547
9647,0.019535
9649,0.019523
9651,0.019511
9653,0.019499
9655,0.019487
9657,0.019475
9659,0.019463
9661,0.019451
9663,0.01944
9665,0.019428
9667,0.019416
9669,0.019404
9671,0.019392
9673,0.01938
9675,0.019368
9677,0.019356
9679,0.019344
9681,0.019332
9683,0.01932
9685,0.019309
9687,0.019297
9689,0.019285
9691,0.019273
9693,0.019261
9695,0.019249
9697,0.019238
9699,0.019226
9701,0.019214
9703,0.019202
9705,0.01919
9707,0.019179
9709,0.019167
9711,0.019155
9713,0.019143
9715,0.019132
9717,0.01912
9719,0.019108
9721,0.019097
9723,0.019085
9725,0.019073
9727,0.019061
9729,0.01905
9731,0.019038
9733,0.019026
9735,0.019015
9737,0.019003
9739,0.018992
9741,0.01898
9743,0.018968
9745,0.018957
9747,0.018945
9749,0.018933
9751,0.018922
9753,0.01891
9755,0.018899
9757,0.018887
9759,0.018876
9761,0.018864
9763,0.018853
9765,0.018841
9767,0.018829
9769,0.018818
9771,0.018806
9773,0.018795
9775,0.018783
9777,0.018772
9779,0.01876
9781,0.018749
9783,0.018738
9785,0.018726
9787,0.018715
9789,0.018703
9791,0.018692
9793,0.01868
9795,0.018669
9797,0.018658
9799,0.018646
9801,0.018635
9803,0.018623
9805,0.018612
9807,0.018601
9809,0.018589
9811,0.018578
9813,0.018567
9815,0.018555
9817,0.018544
9819,0.018533
9821,0.018521
9823,0.01851
9825,0.018499
9827,0.018487
9829,0.018476
9831,0.018465
9833,0.018454
9835,0.018442
9837,0.018431
9839,0.01842
9841,0.018409
9843,0.018397
9845,0.018386
9847,0.018375
9849,0.018364
9851,0.018353
9853,0.018341
9855,0.01833
9857,0.018319
9859,0.018308
9861,0.018297
9863,0.018286
9865,0.018274
9867,0.018263
9869,0.018252
9871,0.018241
9873,0.01823
9875,0.018219
9877,0.018208
9879,0.018197
9881,0.018186
9883,0.018175
9885,0.018163
9887,0.018152
9889,0.018141
9891,0.01813
9893,0.018119
9895,0.018108
9897,0.018097
9899,0.018086
9901,0.018075
9903,0.018064
9905,0.018053
9907,0.018042
9909,0.018031
9911,0.01802
9913,0.018009
9915,0.017998
9917,0.017987
9919,0.017977
9921,0.017966
9923,0.017955
9925,0.017944
9927,0.017933
9929,0.017922
9931,0.017911
9933,0.0179
9935,0.017889
9937,0.017878
9939,0.017868
9941,0.017857
9943,0.017846
9945,0.017835
9947,0.017824
9949,0.017813
9951,0.017803
9953,0.017792
9955,0.017781
9957,0.01777
9959,0.017759
9961,0.017749
9963,0.017738
9965,0.017727
9967,0.017716
9969,0.017706
9971,0.017695
9973,0.017684
9975,0.017673
9977,0.017663
9979,0.017652
9981,0.017641
9983,0.01763
9985,0.01762
9987,0.017609
9989,0.017598
9991,0.017588
9993,0.017577
9995,0.017566
9997,0.017556
9999,0.017545
