1,-1.2246e-10
3,-1.1023e-09
5,-3.0618e-09
7,-6.0012e-09
9,-9.9205e-09
11,-1.482e-08
13,-2.0699e-08
15,-2.7557e-08
17,-3.5396e-08
19,-4.4215e-08
21,-5.4014e-08
23,-6.4793e-08
25,-7.6552e-08
27,-8.9291e-08
29,-1.0301e-07
31,-1.1771e-07
33,-1.3339e-07
35,-1.5005e-07
37,-1.6769e-07
39,-1.8632e-07
41,-2.0592e-07
43,-2.2651e-07
45,-2.4807e-07
47,-2.7062e-07
49,-2.9415e-07
51,-3.1866e-07
53,-3.4415e-07
55,-3.7062e-07
57,-3.9808e-07
59,-4.2651e-07
61,-4.5593e-07
63,-4.8633e-07
65,-5.1772e-07
67,-5.5009e-07
69,-5.8344e-07
71,-6.1777e-07
73,-6.5309e-07
75,-6.8939e-07
77,-7.2667e-07
79,-7.6494e-07
81,-8.0419e-07
83,-8.4443e-07
85,-8.8565e-07
87,-9.2786e-07
89,-9.7105e-07
91,-1.0152e-06
93,-1.0604e-06
95,-1.1065e-06
97,-1.1537e-06
99,-1.2018e-06
101,-1.2509e-06
103,-1.301e-06
105,-1.3521e-06
107,-1.4042e-06
109,-1.4572e-06
111,-1.5113e-06
113,-1.5663e-06
115,-1.6223e-06
117,-1.6793e-06
119,-1.7373e-06
121,-1.7963e-06
123,-1.8563e-06
125,-1.9173e-06
127,-1.9793e-06
129,-2.0422e-06
131,-2.1062e-06
133,-2.1711e-06
135,-2.237e-06
137,-2.304e-06
139,-2.3719e-06
141,-2.4408e-06
143,-2.5107e-06
145,-2.5816e-06
147,-2.6535e-06
149,-2.7264e-06
151,-2.8003e-06
153,-2.8752e-06
155,-2.9511e-06
157,-3.0279e-06
159,-3.1058e-06
161,-3.1847e-06
163,-3.2646e-06
165,-3.3454e-06
167,-3.4273e-06
169,-3.5102e-06
171,-3.594e-06
173,-3.6789e-06
175,-3.7648e-06
177,-3.8517e-06
179,-3.9395e-06
181,-4.0284e-06
183,-4.1183e-06
185,-4.2092e-06
187,-4.3011e-06
189,-4.394e-06
191,-4.4879e-06
193,-4.5828e-06
195,-4.6787e-06
197,-4.7756e-06
199,-4.8735e-06
201,-4.9725e-06
203,-5.0724e-06
205,-5.1734e-06
207,-5.2753e-06
209,-5.3783e-06
211,-5.4823e-06
213,-5.5873e-06
215,-5.6933e-06
217,-5.8004e-06
219,-5.9084e-06
221,-6.0174e-06
223,-6.1275e-06
225,-6.2386e-06
227,-6.3507e-06
229,-6.4638e-06
231,-6.578e-06
233,-6.6931e-06
235,-6.8093e-06
237,-6.9265e-06
239,-7.0447e-06
241,-7.1639e-06
243,-7.2842e-06
245,-7.4055e-06
247,-7.5278e-06
249,-7.6511e-06
251,-7.7755e-06
253,-7.9008e-06
255,-8.0272e-06
257,-8.1547e-06
259,-8.2831e-06
261,-8.4126e-06
263,-8.5431e-06
265,-8.6747e-06
267,-8.8073e-06
269,-8.9409e-06
271,-9.0755e-06
273,-9.2112e-06
275,-9.3479e-06
277,-9.4856e-06
279,-9.6244e-06
281,-9.7642e-06
283,-9.9051e-06
285,-1.0047e-05
287,-1.019e-05
289,-1.0334e-05
291,-1.0479e-05
293,-1.0625e-05
295,-1.0772e-05
297,-1.092e-05
299,-1.1069e-05
301,-1.122e-05
303,-1.1371e-05
305,-1.1523e-05
307,-1.1677e-05
309,-1.1831e-05
311,-1.1986e-05
313,-1.2143e-05
315,-1.2301e-05
317,-1.2459e-05
319,-1.2619e-05
321,-1.278e-05
323,-1.2941e-05
325,-1.3104e-05
327,-1.3268e-05
329,-1.3433e-05
331,-1.3599e-05
333,-1.3766e-05
335,-1.3934e-05
337,-1.4103e-05
339,-1.4274e-05
341,-1.4445e-05
343,-1.4617e-05
345,-1.4791e-05
347,-1.4965e-05
349,-1.5141e-05
351,-1.5318e-05
353,-1.5495e-05
355,-1.5674e-05
357,-1.5854e-05
359,-1.6035e-05
361,-1.6217e-05
363,-1.64e-05
365,-1.6584e-05
367,-1.677e-05
369,-1.6956e-05
371,-1.7143e-05
373,-1.7332e-05
375,-1.7521e-05
377,-1.7712e-05
379,-1.7904e-05
381,-1.8097e-05
383,-1.8291e-05
385,-1.8486e-05
387,-1.8682e-05
389,-1.8879e-05
391,-1.9077e-05
393,-1.9277e-05
395,-1.9477e-05
397,-1.9679e-05
399,-1.9881e-05
401,-2.0085e-05
403,-2.029e-05
405,-2.0496e-05
407,-2.0703e-05
409,-2.0911e-05
411,-2.112e-05
413,-2.1331e-05
415,-2.1542e-05
417,-2.1755e-05
419,-2.1968e-05
421,-2.2183e-05
423,-2.2399e-05
425,-2.2616e-05
427,-2.2834e-05
429,-2.3054e-05
431,-2.3274e-05
433,-2.3495e-05
435,-2.3718e-05
437,-2.3942e-05
439,-2.4167e-05
441,-2.4393e-05
443,-2.462e-05
445,-2.4848e-05
447,-2.5077e-05
449,-2.5308e-05
451,-2.554e-05
453,-2.5772e-05
455,-2.6006e-05
457,-2.6241e-05
459,-2.6477e-05
461,-2.6715e-05
463,-2.6953e-05
465,-2.7193e-05
467,-2.7433e-05
469,-2.7675e-05
471,-2.7918e-05
473,-2.8162e-05
475,-2.8408e-05
477,-2.8654e-05
479,-2.8902e-05
481,-2.9151e-05
483,-2.9401e-05
485,-2.9652e-05
487,-2.9904e-05
489,-3.0157e-05
491,-3.0412e-05
493,-3.0668e-05
495,-3.0924e-05
497,-3.1182e-05
499,-3.1442e-05
501,-3.1702e-05
503,-3.1964e-05
505,-3.2226e-05
507,-3.249e-05
509,-3.2755e-05
511,-3.3022e-05
513,-3.3289e-05
515,-3.3558e-05
517,-3.3827e-05
519,-3.4098e-05
521,-3.437e-05
523,-3.4644e-05
525,-3.4918e-05
527,-3.5194e-05
529,-3.5471e-05
531,-3.5749e-05
533,-3.6028e-05
535,-3.6309e-05
537,-3.6591e-05
539,-3.6873e-05
541,-3.7158e-05
543,-3.7443e-05
545,-3.7729e-05
547,-3.8017e-05
549,-3.8306e-05
551,-3.8596e-05
553,-3.8888e-05
555,-3.918e-05
557,-3.9474e-05
559,-3.9769e-05
561,-4.0065e-05
563,-4.0363e-05
565,-4.0661e-05
567,-4.0961e-05
569,-4.1262e-05
571,-4.1565e-05
573,-4.1868e-05
575,-4.2173e-05
577,-4.2479e-05
579,-4.2786e-05
581,-4.3095e-05
583,-4.3405e-05
585,-4.3716e-05
587,-4.4028e-05
589,-4.4341e-05
591,-4.4656e-05
593,-4.4972e-05
595,-4.5289e-05
597,-4.5608e-05
599,-4.5928e-05
601,-4.6249e-05
603,-4.6571e-05
605,-4.6894e-05
607,-4.7219e-05
609,-4.7545e-05
611,-4.7873e-05
613,-4.8201e-05
615,-4.8531e-05
617,-4.8862e-05
619,-4.9195e-05
621,-4.9529e-05
623,-4.9864e-05
625,-5.02e-05
627,-5.0537e-05
629,-5.0876e-05
631,-5.1217e-05
633,-5.1558e-05
635,-5.1901e-05
637,-5.2245e-05
639,-5.259e-05
641,-5.2937e-05
643,-5.3285e-05
645,-5.3634e-05
647,-5.3985e-05
649,-5.4336e-05
651,-5.469e-05
653,-5.5044e-05
655,-5.54e-05
657,-5.5757e-05
659,-5.6115e-05
661,-5.6475e-05
663,-5.6836e-05
665,-5.7199e-05
667,-5.7563e-05
669,-5.7928e-05
671,-5.8294e-05
673,-5.8662e-05
675,-5.9031e-05
677,-5.9401e-05
679,-5.9773e-05
681,-6.0146e-05
683,-6.0521e-05
685,-6.0897e-05
687,-6.1274e-05
689,-6.1653e-05
691,-6.2032e-05
693,-6.2414e-05
695,-6.2796e-05
697,-6.318e-05
699,-6.3566e-05
701,-6.3953e-05
703,-6.4341e-05
705,-6.473e-05
707,-6.5121e-05
709,-6.5513e-05
711,-6.5907e-05
713,-6.6302e-05
715,-6.6698e-05
717,-6.7096e-05
719,-6.7496e-05
721,-6.7896e-05
723,-6.8298e-05
725,-6.8702e-05
727,-6.9106e-05
729,-6.9513e-05
731,-6.992e-05
733,-7.0329e-05
735,-7.074e-05
737,-7.1152e-05
739,-7.1565e-05
741,-7.198e-05
743,-7.2396e-05
745,-7.2814e-05
747,-7.3233e-05
749,-7.3653e-05
751,-7.4075e-05
753,-7.4498e-05
755,-7.4923e-05
757,-7.5349e-05
759,-7.5777e-05
761,-7.6206e-05
763,-7.6637e-05
765,-7.7069e-05
767,-7.7502e-05
769,-7.7937e-05
771,-7.8374e-05
773,-7.8812e-05
775,-7.9251e-05
777,-7.9692e-05
779,-8.0134e-05
781,-8.0578e-05
783,-8.1023e-05
785,-8.147e-05
787,-8.1918e-05
789,-8.2368e-05
791,-8.2819e-05
793,-8.3272e-05
795,-8.3726e-05
797,-8.4182e-05
799,-8.4639e-05
801,-8.5098e-05
803,-8.5559e-05
805,-8.602e-05
807,-8.6484e-05
809,-8.6949e-05
811,-8.7415e-05
813,-8.7883e-05
815,-8.8352e-05
817,-8.8823e-05
819,-8.9296e-05
821,-8.977e-05
823,-9.0246e-05
825,-9.0723e-05
827,-9.1201e-05
829,-9.1682e-05
831,-9.2164e-05
833,-9.2647e-05
835,-9.3132e-05
837,-9.3618e-05
839,-9.4107e-05
841,-9.4596e-05
843,-9.5088e-05
845,-9.558e-05
847,-9.6075e-05
849,-9.6571e-05
851,-9.7068e-05
853,-9.7568e-05
855,-9.8068e-05
857,-9.8571e-05
859,-9.9075e-05
861,-9.958e-05
863,-0.00010009
865,-0.0001006
867,-0.00010111
869,-0.00010162
871,-0.00010213
873,-0.00010265
875,-0.00010317
877,-0.00010368
879,-0.0001042
881,-0.00010473
883,-0.00010525
885,-0.00010577
887,-0.0001063
889,-0.00010683
891,-0.00010736
893,-0.00010789
895,-0.00010843
897,-0.00010896
899,-0.0001095
901,-0.00011004
903,-0.00011058
905,-0.00011112
907,-0.00011166
909,-0.00011221
911,-0.00011275
913,-0.0001133
915,-0.00011385
917,-0.00011441
919,-0.00011496
921,-0.00011552
923,-0.00011607
925,-0.00011663
927,-0.00011719
929,-0.00011775
931,-0.00011832
933,-0.00011888
935,-0.00011945
937,-0.00012002
939,-0.00012059
941,-0.00012117
943,-0.00012174
945,-0.00012232
947,-0.0001229
949,-0.00012348
951,-0.00012406
953,-0.00012464
955,-0.00012523
957,-0.00012581
959,-0.0001264
961,-0.00012699
963,-0.00012759
965,-0.00012818
967,-0.00012878
969,-0.00012937
971,-0.00012997
973,-0.00013058
975,-0.00013118
977,-0.00013179
979,-0.00013239
981,-0.000133
983,-0.00013361
985,-0.00013423
987,-0.00013484
989,-0.00013546
991,-0.00013607
993,-0.00013669
995,-0.00013732
997,-0.00013794
999,-0.00013857
1001,-0.00013919
1003,-0.00013982
1005,-0.00014046
1007,-0.00014109
1009,-0.00014172
1011,-0.00014236
1013,-0.000143
1015,-0.00014364
1017,-0.00014428
1019,-0.00014493
1021,-0.00014558
1023,-0.00014623
1025,-0.00014688
1027,-0.00014753
1029,-0.00014818
1031,-0.00014884
1033,-0.0001495
1035,-0.00015016
1037,-0.00015082
1039,-0.00015149
1041,-0.00015215
1043,-0.00015282
1045,-0.00015349
1047,-0.00015416
1049,-0.00015484
1051,-0.00015551
1053,-0.00015619
1055,-0.00015687
1057,-0.00015756
1059,-0.00015824
1061,-0.00015893
1063,-0.00015962
1065,-0.00016031
1067,-0.000161
1069,-0.00016169
1071,-0.00016239
1073,-0.00016309
1075,-0.00016379
1077,-0.00016449
1079,-0.0001652
1081,-0.00016591
1083,-0.00016661
1085,-0.00016733
1087,-0.00016804
1089,-0.00016876
1091,-0.00016947
1093,-0.00017019
1095,-0.00017091
1097,-0.00017164
1099,-0.00017236
1101,-0.00017309
1103,-0.00017382
1105,-0.00017456
1107,-0.00017529
1109,-0.00017603
1111,-0.00017677
1113,-0.00017751
1115,-0.00017825
1117,-0.000179
1119,-0.00017975
1121,-0.0001805
1123,-0.00018125
1125,-0.000182
1127,-0.00018276
1129,-0.00018352
1131,-0.00018428
1133,-0.00018504
1135,-0.00018581
1137,-0.00018658
1139,-0.00018735
1141,-0.00018812
1143,-0.00018889
1145,-0.00018967
1147,-0.00019045
1149,-0.00019123
1151,-0.00019201
1153,-0.0001928
1155,-0.00019359
1157,-0.00019438
1159,-0.00019517
1161,-0.00019597
1163,-0.00019676
1165,-0.00019756
1167,-0.00019836
1169,-0.00019917
1171,-0.00019998
1173,-0.00020079
1175,-0.0002016
1177,-0.00020241
1179,-0.00020323
1181,-0.00020405
1183,-0.00020487
1185,-0.00020569
1187,-0.00020652
1189,-0.00020734
1191,-0.00020817
1193,-0.00020901
1195,-0.00020984
1197,-0.00021068
1199,-0.00021152
1201,-0.00021236
1203,-0.00021321
1205,-0.00021406
1207,-0.00021491
1209,-0.00021576
1211,-0.00021662
1213,-0.00021747
1215,-0.00021833
1217,-0.0002192
1219,-0.00022006
1221,-0.00022093
1223,-0.0002218
1225,-0.00022267
1227,-0.00022355
1229,-0.00022442
1231,-0.0002253
1233,-0.00022619
1235,-0.00022707
1237,-0.00022796
1239,-0.00022885
1241,-0.00022974
1243,-0.00023064
1245,-0.00023154
1247,-0.00023244
1249,-0.00023334
1251,-0.00023425
1253,-0.00023516
1255,-0.00023607
1257,-0.00023698
1259,-0.0002379
1261,-0.00023882
1263,-0.00023974
1265,-0.00024067
1267,-0.00024159
1269,-0.00024252
1271,-0.00024346
1273,-0.00024439
1275,-0.00024533
1277,-0.00024627
1279,-0.00024721
1281,-0.00024816
1283,-0.00024911
1285,-0.00025006
1287,-0.00025102
1289,-0.00025197
1291,-0.00025293
1293,-0.0002539
1295,-0.00025486
1297,-0.00025583
1299,-0.0002568
1301,-0.00025778
1303,-0.00025875
1305,-0.00025973
1307,-0.00026071
1309,-0.0002617
1311,-0.00026269
1313,-0.00026368
1315,-0.00026467
1317,-0.00026567
1319,-0.00026667
1321,-0.00026767
1323,-0.00026868
1325,-0.00026969
1327,-0.0002707
1329,-0.00027171
1331,-0.00027273
1333,-0.00027375
1335,-0.00027477
1337,-0.0002758
1339,-0.00027683
1341,-0.00027786
1343,-0.0002789
1345,-0.00027993
1347,-0.00028098
1349,-0.00028202
1351,-0.00028307
1353,-0.00028412
1355,-0.00028517
1357,-0.00028623
1359,-0.00028729
1361,-0.00028835
1363,-0.00028941
1365,-0.00029048
1367,-0.00029156
1369,-0.00029263
1371,-0.00029371
1373,-0.00029479
1375,-0.00029587
1377,-0.00029696
1379,-0.00029805
1381,-0.00029915
1383,-0.00030024
1385,-0.00030134
1387,-0.00030245
1389,-0.00030355
1391,-0.00030466
1393,-0.00030578
1395,-0.00030689
1397,-0.00030801
1399,-0.00030913
1401,-0.00031026
1403,-0.00031139
1405,-0.00031252
1407,-0.00031366
1409,-0.0003148
1411,-0.00031594
1413,-0.00031709
1415,-0.00031823
1417,-0.00031939
1419,-0.00032054
1421,-0.0003217
1423,-0.00032286
1425,-0.00032403
1427,-0.0003252
1429,-0.00032637
1431,-0.00032755
1433,-0.00032873
1435,-0.00032991
1437,-0.0003311
1439,-0.00033229
1441,-0.00033348
1443,-0.00033468
1445,-0.00033588
1447,-0.00033708
1449,-0.00033829
1451,-0.0003395
1453,-0.00034072
1455,-0.00034194
1457,-0.00034316
1459,-0.00034438
1461,-0.00034561
1463,-0.00034684
1465,-0.00034808
1467,-0.00034932
1469,-0.00035056
1471,-0.00035181
1473,-0.00035306
1475,-0.00035432
1477,-0.00035557
1479,-0.00035684
1481,-0.0003581
1483,-0.00035937
1485,-0.00036064
1487,-0.00036192
1489,-0.0003632
1491,-0.00036448
1493,-0.00036577
1495,-0.00036706
1497,-0.00036836
1499,-0.00036966
1501,-0.00037096
1503,-0.00037227
1505,-0.00037358
1507,-0.00037489
1509,-0.00037621
1511,-0.00037753
1513,-0.00037886
1515,-0.00038019
1517,-0.00038153
1519,-0.00038286
1521,-0.00038421
1523,-0.00038555
1525,-0.0003869
1527,-0.00038826
1529,-0.00038961
1531,-0.00039098
1533,-0.00039234
1535,-0.00039371
1537,-0.00039509
1539,-0.00039646
1541,-0.00039785
1543,-0.00039923
1545,-0.00040062
1547,-0.00040202
1549,-0.00040342
1551,-0.00040482
1553,-0.00040623
1555,-0.00040764
1557,-0.00040905
1559,-0.00041047
1561,-0.0004119
1563,-0.00041333
1565,-0.00041476
1567,-0.00041619
1569,-0.00041763
1571,-0.00041908
1573,-0.00042053
1575,-0.00042198
1577,-0.00042344
1579,-0.0004249
1581,-0.00042637
1583,-0.00042784
1585,-0.00042932
1587,-0.0004308
1589,-0.00043228
1591,-0.00043377
1593,-0.00043526
1595,-0.00043676
1597,-0.00043826
1599,-0.00043977
1601,-0.00044128
1603,-0.0004428
1605,-0.00044432
1607,-0.00044584
1609,-0.00044737
1611,-0.00044891
1613,-0.00045045
1615,-0.00045199
1617,-0.00045354
1619,-0.00045509
1621,-0.00045665
1623,-0.00045821
1625,-0.00045978
1627,-0.00046135
1629,-0.00046292
1631,-0.0004645
1633,-0.00046609
1635,-0.00046768
1637,-0.00046927
1639,-0.00047087
1641,-0.00047248
1643,-0.00047409
1645,-0.0004757
1647,-0.00047732
1649,-0.00047895
1651,-0.00048058
1653,-0.00048221
1655,-0.00048385
1657,-0.00048549
1659,-0.00048714
1661,-0.0004888
1663,-0.00049046
1665,-0.00049212
1667,-0.00049379
1669,-0.00049546
1671,-0.00049714
1673,-0.00049883
1675,-0.00050052
1677,-0.00050221
1679,-0.00050391
1681,-0.00050562
1683,-0.00050733
1685,-0.00050904
1687,-0.00051076
1689,-0.00051249
1691,-0.00051422
1693,-0.00051596
1695,-0.0005177
1697,-0.00051945
1699,-0.0005212
1701,-0.00052296
1703,-0.00052472
1705,-0.00052649
1707,-0.00052826
1709,-0.00053004
1711,-0.00053183
1713,-0.00053362
1715,-0.00053541
1717,-0.00053722
1719,-0.00053902
1721,-0.00054084
1723,-0.00054265
1725,-0.00054448
1727,-0.00054631
1729,-0.00054814
1731,-0.00054998
1733,-0.00055183
1735,-0.00055368
1737,-0.00055554
1739,-0.0005574
1741,-0.00055927
1743,-0.00056115
1745,-0.00056303
1747,-0.00056492
1749,-0.00056681
1751,-0.00056871
1753,-0.00057061
1755,-0.00057252
1757,-0.00057444
1759,-0.00057636
1761,-0.00057829
1763,-0.00058022
1765,-0.00058216
1767,-0.00058411
1769,-0.00058606
1771,-0.00058802
1773,-0.00058998
1775,-0.00059196
1777,-0.00059393
1779,-0.00059592
1781,-0.0005979
1783,-0.0005999
1785,-0.0006019
1787,-0.00060391
1789,-0.00060592
1791,-0.00060794
1793,-0.00060997
1795,-0.00061201
1797,-0.00061405
1799,-0.00061609
1801,-0.00061814
1803,-0.0006202
1805,-0.00062227
1807,-0.00062434
1809,-0.00062642
1811,-0.0006285
1813,-0.0006306
1815,-0.00063269
1817,-0.0006348
1819,-0.00063691
1821,-0.00063903
1823,-0.00064115
1825,-0.00064329
1827,-0.00064543
1829,-0.00064757
1831,-0.00064972
1833,-0.00065188
1835,-0.00065405
1837,-0.00065622
1839,-0.0006584
1841,-0.00066059
1843,-0.00066278
1845,-0.00066498
1847,-0.00066719
1849,-0.0006694
1851,-0.00067163
1853,-0.00067385
1855,-0.00067609
1857,-0.00067833
1859,-0.00068058
1861,-0.00068284
1863,-0.00068511
1865,-0.00068738
1867,-0.00068966
1869,-0.00069194
1871,-0.00069424
1873,-0.00069654
1875,-0.00069885
1877,-0.00070117
1879,-0.00070349
1881,-0.00070582
1883,-0.00070816
1885,-0.00071051
1887,-0.00071286
1889,-0.00071522
1891,-0.00071759
1893,-0.00071997
1895,-0.00072235
1897,-0.00072474
1899,-0.00072714
1901,-0.00072955
1903,-0.00073197
1905,-0.00073439
1907,-0.00073682
1909,-0.00073926
1911,-0.00074171
1913,-0.00074417
1915,-0.00074663
1917,-0.0007491
1919,-0.00075158
1921,-0.00075407
1923,-0.00075656
1925,-0.00075907
1927,-0.00076158
1929,-0.0007641
1931,-0.00076663
1933,-0.00076917
1935,-0.00077171
1937,-0.00077426
1939,-0.00077683
1941,-0.0007794
1943,-0.00078198
1945,-0.00078456
1947,-0.00078716
1949,-0.00078976
1951,-0.00079238
1953,-0.000795
1955,-0.00079763
1957,-0.00080027
1959,-0.00080292
1961,-0.00080557
1963,-0.00080824
1965,-0.00081091
1967,-0.0008136
1969,-0.00081629
1971,-0.00081899
1973,-0.0008217
1975,-0.00082442
1977,-0.00082715
1979,-0.00082989
1981,-0.00083263
1983,-0.00083539
1985,-0.00083816
1987,-0.00084093
1989,-0.00084371
1991,-0.00084651
1993,-0.00084931
1995,-0.00085212
1997,-0.00085494
1999,-0.00085777
2001,-0.00086061
2003,-0.00086346
2005,-0.00086632
2007,-0.00086919
2009,-0.00087207
2011,-0.00087496
2013,-0.00087786
2015,-0.00088077
2017,-0.00088368
2019,-0.00088661
2021,-0.00088955
2023,-0.0008925
2025,-0.00089546
2027,-0.00089842
2029,-0.0009014
2031,-0.00090439
2033,-0.00090739
2035,-0.0009104
2037,-0.00091342
2039,-0.00091644
2041,-0.00091948
2043,-0.00092253
2045,-0.0009256
2047,-0.00092867
2049,-0.00093175
2051,-0.00093484
2053,-0.00093794
2055,-0.00094106
2057,-0.00094418
2059,-0.00094731
2061,-0.00095046
2063,-0.00095362
2065,-0.00095678
2067,-0.00095996
2069,-0.00096315
2071,-0.00096635
2073,-0.00096956
2075,-0.00097279
2077,-0.00097602
2079,-0.00097927
2081,-0.00098252
2083,-0.00098579
2085,-0.00098907
2087,-0.00099236
2089,-0.00099566
2091,-0.00099898
2093,-0.0010023
2095,-0.0010056
2097,-0.001009
2099,-0.0010123
2101,-0.0010157
2103,-0.0010191
2105,-0.0010225
2107,-0.0010259
2109,-0.0010293
2111,-0.0010328
2113,-0.0010362
2115,-0.0010397
2117,-0.0010431
2119,-0.0010466
2121,-0.0010501
2123,-0.0010536
2125,-0.0010571
2127,-0.0010606
2129,-0.0010642
2131,-0.0010677
2133,-0.0010713
2135,-0.0010749
2137,-0.0010785
2139,-0.0010821
2141,-0.0010857
2143,-0.0010893
2145,-0.001093
2147,-0.0010966
2149,-0.0011003
2151,-0.001104
2153,-0.0011077
2155,-0.0011114
2157,-0.0011151
2159,-0.0011189
2161,-0.0011226
2163,-0.0011264
2165,-0.0011302
2167,-0.001134
2169,-0.0011378
2171,-0.0011416
2173,-0.0011454
2175,-0.0011493
2177,-0.0011531
2179,-0.001157
2181,-0.0011609
2183,-0.0011648
2185,-0.0011687
2187,-0.0011726
2189,-0.0011766
2191,-0.0011805
2193,-0.0011845
2195,-0.0011885
2197,-0.0011925
2199,-0.0011965
2201,-0.0012006
2203,-0.0012046
2205,-0.0012087
2207,-0.0012127
2209,-0.0012168
2211,-0.0012209
2213,-0.0012251
2215,-0.0012292
2217,-0.0012334
2219,-0.0012375
2221,-0.0012417
2223,-0.0012459
2225,-0.0012501
2227,-0.0012543
2229,-0.0012586
2231,-0.0012629
2233,-0.0012671
2235,-0.0012714
2237,-0.0012757
2239,-0.0012801
2241,-0.0012844
2243,-0.0012888
2245,-0.0012931
2247,-0.0012975
2249,-0.0013019
2251,-0.0013064
2253,-0.0013108
2255,-0.0013153
2257,-0.0013197
2259,-0.0013242
2261,-0.0013287
2263,-0.0013333
2265,-0.0013378
2267,-0.0013424
2269,-0.0013469
2271,-0.0013515
2273,-0.0013561
2275,-0.0013608
2277,-0.0013654
2279,-0.0013701
2281,-0.0013748
2283,-0.0013795
2285,-0.0013842
2287,-0.0013889
2289,-0.0013937
2291,-0.0013984
2293,-0.0014032
2295,-0.001408
2297,-0.0014129
2299,-0.0014177
2301,-0.0014226
2303,-0.0014275
2305,-0.0014324
2307,-0.0014373
2309,-0.0014422
2311,-0.0014472
2313,-0.0014522
2315,-0.0014571
2317,-0.0014622
2319,-0.0014672
2321,-0.0014723
2323,-0.0014773
2325,-0.0014824
2327,-0.0014875
2329,-0.0014927
2331,-0.0014978
2333,-0.001503
2335,-0.0015082
2337,-0.0015134
2339,-0.0015187
2341,-0.0015239
2343,-0.0015292
2345,-0.0015345
2347,-0.0015398
2349,-0.0015451
2351,-0.0015505
2353,-0.0015559
2355,-0.0015613
2357,-0.0015667
2359,-0.0015722
2361,-0.0015776
2363,-0.0015831
2365,-0.0015886
2367,-0.0015942
2369,-0.0015997
2371,-0.0016053
2373,-0.0016109
2375,-0.0016165
2377,-0.0016222
2379,-0.0016278
2381,-0.0016335
2383,-0.0016392
2385,-0.001645
2387,-0.0016507
2389,-0.0016565
2391,-0.0016623
2393,-0.0016681
2395,-0.001674
2397,-0.0016799
2399,-0.0016858
2401,-0.0016917
2403,-0.0016976
2405,-0.0017036
2407,-0.0017096
2409,-0.0017156
2411,-0.0017217
2413,-0.0017278
2415,-0.0017339
2417,-0.00174
2419,-0.0017461
2421,-0.0017523
2423,-0.0017585
2425,-0.0017647
2427,-0.0017709
2429,-0.0017772
2431,-0.0017835
2433,-0.0017898
2435,-0.0017962
2437,-0.0018026
2439,-0.001809
2441,-0.0018154
2443,-0.0018219
2445,-0.0018283
2447,-0.0018349
2449,-0.0018414
2451,-0.001848
2453,-0.0018545
2455,-0.0018612
2457,-0.0018678
2459,-0.0018745
2461,-0.0018812
2463,-0.0018879
2465,-0.0018947
2467,-0.0019015
2469,-0.0019083
2471,-0.0019151
2473,-0.001922
2475,-0.0019289
2477,-0.0019358
2479,-0.0019428
2481,-0.0019498
2483,-0.0019568
2485,-0.0019639
2487,-0.0019709
2489,-0.0019781
2491,-0.0019852
2493,-0.0019924
2495,-0.0019996
2497,-0.0020068
2499,-0.0020141
2501,-0.0020214
2503,-0.0020287
2505,-0.0020361
2507,-0.0020434
2509,-0.0020509
2511,-0.0020583
2513,-0.0020658
2515,-0.0020733
2517,-0.0020809
2519,-0.0020885
2521,-0.0020961
2523,-0.0021037
2525,-0.0021114
2527,-0.0021191
2529,-0.0021269
2531,-0.0021347
2533,-0.0021425
2535,-0.0021503
2537,-0.0021582
2539,-0.0021662
2541,-0.0021741
2543,-0.0021821
2545,-0.0021901
2547,-0.0021982
2549,-0.0022063
2551,-0.0022144
2553,-0.0022226
2555,-0.0022308
2557,-0.002239
2559,-0.0022473
2561,-0.0022556
2563,-0.002264
2565,-0.0022724
2567,-0.0022808
2569,-0.0022893
2571,-0.0022978
2573,-0.0023063
2575,-0.0023149
2577,-0.0023235
2579,-0.0023322
2581,-0.0023409
2583,-0.0023496
2585,-0.0023584
2587,-0.0023672
2589,-0.0023761
2591,-0.002385
2593,-0.0023939
2595,-0.0024029
2597,-0.0024119
2599,-0.002421
2601,-0.0024301
2603,-0.0024392
2605,-0.0024484
2607,-0.0024576
2609,-0.0024669
2611,-0.0024762
2613,-0.0024856
2615,-0.002495
2617,-0.0025044
2619,-0.0025139
2621,-0.0025234
2623,-0.002533
2625,-0.0025426
2627,-0.0025523
2629,-0.002562
2631,-0.0025717
2633,-0.0025815
2635,-0.0025914
2637,-0.0026013
2639,-0.0026112
2641,-0.0026212
2643,-0.0026312
2645,-0.0026413
2647,-0.0026514
2649,-0.0026616
2651,-0.0026718
2653,-0.0026821
2655,-0.0026924
2657,-0.0027028
2659,-0.0027132
2661,-0.0027236
2663,-0.0027342
2665,-0.0027447
2667,-0.0027553
2669,-0.002766
2671,-0.0027767
2673,-0.0027875
2675,-0.0027983
2677,-0.0028092
2679,-0.0028201
2681,-0.0028311
2683,-0.0028421
2685,-0.0028532
2687,-0.0028644
2689,-0.0028755
2691,-0.0028868
2693,-0.0028981
2695,-0.0029095
2697,-0.0029209
2699,-0.0029323
2701,-0.0029439
2703,-0.0029554
2705,-0.0029671
2707,-0.0029788
2709,-0.0029905
2711,-0.0030023
2713,-0.0030142
2715,-0.0030261
2717,-0.0030381
2719,-0.0030502
2721,-0.0030623
2723,-0.0030744
2725,-0.0030867
2727,-0.0030989
2729,-0.0031113
2731,-0.0031237
2733,-0.0031362
2735,-0.0031487
2737,-0.0031613
2739,-0.003174
2741,-0.0031867
2743,-0.0031995
2745,-0.0032123
2747,-0.0032252
2749,-0.0032382
2751,-0.0032513
2753,-0.0032644
2755,-0.0032776
2757,-0.0032908
2759,-0.0033041
2761,-0.0033175
2763,-0.003331
2765,-0.0033445
2767,-0.0033581
2769,-0.0033718
2771,-0.0033855
2773,-0.0033993
2775,-0.0034132
2777,-0.0034271
2779,-0.0034411
2781,-0.0034552
2783,-0.0034694
2785,-0.0034836
2787,-0.0034979
2789,-0.0035123
2791,-0.0035268
2793,-0.0035413
2795,-0.003556
2797,-0.0035706
2799,-0.0035854
2801,-0.0036003
2803,-0.0036152
2805,-0.0036302
2807,-0.0036453
2809,-0.0036604
2811,-0.0036757
2813,-0.003691
2815,-0.0037064
2817,-0.0037219
2819,-0.0037375
2821,-0.0037531
2823,-0.0037689
2825,-0.0037847
2827,-0.0038006
2829,-0.0038166
2831,-0.0038327
2833,-0.0038488
2835,-0.0038651
2837,-0.0038814
2839,-0.0038979
2841,-0.0039144
2843,-0.003931
2845,-0.0039477
2847,-0.0039645
2849,-0.0039814
2851,-0.0039984
2853,-0.0040154
2855,-0.0040326
2857,-0.0040499
2859,-0.0040672
2861,-0.0040847
2863,-0.0041022
2865,-0.0041199
2867,-0.0041376
2869,-0.0041555
2871,-0.0041734
2873,-0.0041914
2875,-0.0042096
2877,-0.0042278
2879,-0.0042462
2881,-0.0042646
2883,-0.0042832
2885,-0.0043018
2887,-0.0043206
2889,-0.0043395
2891,-0.0043585
2893,-0.0043775
2895,-0.0043967
2897,-0.004416
2899,-0.0044354
2901,-0.004455
2903,-0.0044746
2905,-0.0044944
2907,-0.0045142
2909,-0.0045342
2911,-0.0045543
2913,-0.0045745
2915,-0.0045948
2917,-0.0046153
2919,-0.0046358
2921,-0.0046565
2923,-0.0046773
2925,-0.0046982
2927,-0.0047193
2929,-0.0047405
2931,-0.0047617
2933,-0.0047832
2935,-0.0048047
2937,-0.0048264
2939,-0.0048482
2941,-0.0048701
2943,-0.0048922
2945,-0.0049144
2947,-0.0049367
2949,-0.0049591
2951,-0.0049817
2953,-0.0050044
2955,-0.0050273
2957,-0.0050503
2959,-0.0050734
2961,-0.0050967
2963,-0.0051201
2965,-0.0051437
2967,-0.0051674
2969,-0.0051912
2971,-0.0052152
2973,-0.0052394
2975,-0.0052637
2977,-0.0052881
2979,-0.0053127
2981,-0.0053374
2983,-0.0053623
2985,-0.0053873
2987,-0.0054125
2989,-0.0054379
2991,-0.0054634
2993,-0.005489
2995,-0.0055149
2997,-0.0055409
2999,-0.005567
3001,-0.0055933
3003,-0.0056198
3005,-0.0056464
3007,-0.0056732
3009,-0.0057002
3011,-0.0057274
3013,-0.0057547
3015,-0.0057822
3017,-0.0058099
3019,-0.0058377
3021,-0.0058657
3023,-0.0058939
3025,-0.0059223
3027,-0.0059509
3029,-0.0059796
3031,-0.0060086
3033,-0.0060377
3035,-0.006067
3037,-0.0060965
3039,-0.0061262
3041,-0.0061561
3043,-0.0061862
3045,-0.0062164
3047,-0.0062469
3049,-0.0062776
3051,-0.0063085
3053,-0.0063395
3055,-0.0063708
3057,-0.0064023
3059,-0.006434
3061,-0.0064659
3063,-0.006498
3065,-0.0065304
3067,-0.0065629
3069,-0.0065957
3071,-0.0066287
3073,-0.0066619
3075,-0.0066953
3077,-0.006729
3079,-0.0067629
3081,-0.006797
3083,-0.0068313
3085,-0.0068659
3087,-0.0069007
3089,-0.0069358
3091,-0.0069711
3093,-0.0070066
3095,-0.0070424
3097,-0.0070784
3099,-0.0071147
3101,-0.0071512
3103,-0.007188
3105,-0.0072251
3107,-0.0072624
3109,-0.0072999
3111,-0.0073377
3113,-0.0073758
3115,-0.0074142
3117,-0.0074528
3119,-0.0074917
3121,-0.0075308
3123,-0.0075703
3125,-0.00761
3127,-0.00765
3129,-0.0076903
3131,-0.0077309
3133,-0.0077718
3135,-0.0078129
3137,-0.0078544
3139,-0.0078962
3141,-0.0079382
3143,-0.0079806
3145,-0.0080233
3147,-0.0080662
3149,-0.0081095
3151,-0.0081532
3153,-0.0081971
3155,-0.0082413
3157,-0.0082859
3159,-0.0083308
3161,-0.0083761
3163,-0.0084216
3165,-0.0084676
3167,-0.0085138
3169,-0.0085604
3171,-0.0086074
3173,-0.0086547
3175,-0.0087023
3177,-0.0087503
3179,-0.0087987
3181,-0.0088475
3183,-0.0088966
3185,-0.0089461
3187,-0.0089959
3189,-0.0090462
3191,-0.0090968
3193,-0.0091478
3195,-0.0091992
3197,-0.009251
3199,-0.0093032
3201,-0.0093559
3203,-0.0094089
3205,-0.0094623
3207,-0.0095162
3209,-0.0095704
3211,-0.0096251
3213,-0.0096802
3215,-0.0097358
3217,-0.0097918
3219,-0.0098482
3221,-0.0099051
3223,-0.0099625
3225,-0.01002
3227,-0.010079
3229,-0.010137
3231,-0.010196
3233,-0.010256
3235,-0.010316
3237,-0.010377
3239,-0.010438
3241,-0.0105
3243,-0.010562
3245,-0.010624
3247,-0.010688
3249,-0.010751
3251,-0.010816
3253,-0.01088
3255,-0.010946
3257,-0.011011
3259,-0.011078
3261,-0.011145
3263,-0.011212
3265,-0.01128
3267,-0.011349
3269,-0.011418
3271,-0.011488
3273,-0.011558
3275,-0.011629
3277,-0.011701
3279,-0.011773
3281,-0.011846
3283,-0.011919
3285,-0.011993
3287,-0.012068
3289,-0.012143
3291,-0.012219
3293,-0.012296
3295,-0.012373
3297,-0.012451
3299,-0.01253
3301,-0.012609
3303,-0.012689
3305,-0.01277
3307,-0.012852
3309,-0.012934
3311,-0.013017
3313,-0.0131
3315,-0.013185
3317,-0.01327
3319,-0.013356
3321,-0.013443
3323,-0.013531
3325,-0.013619
3327,-0.013708
3329,-0.013798
3331,-0.013889
3333,-0.01398
3335,-0.014073
3337,-0.014166
3339,-0.014261
3341,-0.014356
3343,-0.014452
3345,-0.014549
3347,-0.014646
3349,-0.014745
3351,-0.014845
3353,-0.014945
3355,-0.015047
3357,-0.015149
3359,-0.015253
3361,-0.015357
3363,-0.015463
3365,-0.015569
3367,-0.015677
3369,-0.015786
3371,-0.015895
3373,-0.016006
3375,-0.016118
3377,-0.016231
3379,-0.016345
3381,-0.01646
3383,-0.016576
3385,-0.016694
3387,-0.016812
3389,-0.016932
3391,-0.017053
3393,-0.017175
3395,-0.017299
3397,-0.017424
3399,-0.01755
3401,-0.017677
3403,-0.017806
3405,-0.017936
3407,-0.018067
3409,-0.018199
3411,-0.018333
3413,-0.018469
3415,-0.018606
3417,-0.018744
3419,-0.018884
3421,-0.019025
3423,-0.019168
3425,-0.019312
3427,-0.019457
3429,-0.019605
3431,-0.019754
3433,-0.019904
3435,-0.020056
3437,-0.02021
3439,-0.020365
3441,-0.020523
3443,-0.020681
3445,-0.020842
3447,-0.021004
3449,-0.021169
3451,-0.021335
3453,-0.021502
3455,-0.021672
3457,-0.021844
3459,-0.022017
3461,-0.022193
3463,-0.02237
3465,-0.02255
3467,-0.022732
3469,-0.022915
3471,-0.023101
3473,-0.023289
3475,-0.023479
3477,-0.023671
3479,-0.023866
3481,-0.024063
3483,-0.024262
3485,-0.024464
3487,-0.024668
3489,-0.024874
3491,-0.025083
3493,-0.025294
3495,-0.025508
3497,-0.025725
3499,-0.025944
3501,-0.026165
3503,-0.02639
3505,-0.026617
3507,-0.026847
3509,-0.02708
3511,-0.027316
3513,-0.027555
3515,-0.027796
3517,-0.028041
3519,-0.028289
3521,-0.02854
3523,-0.028794
3525,-0.029052
3527,-0.029312
3529,-0.029577
3531,-0.029844
3533,-0.030115
3535,-0.03039
3537,-0.030668
3539,-0.030949
3541,-0.031235
3543,-0.031524
3545,-0.031817
3547,-0.032115
3549,-0.032416
3551,-0.032721
3553,-0.03303
3555,-0.033343
3557,-0.033661
3559,-0.033983
3561,-0.03431
3563,-0.034641
3565,-0.034977
3567,-0.035317
3569,-0.035662
3571,-0.036012
3573,-0.036367
3575,-0.036727
3577,-0.037093
3579,-0.037463
3581,-0.037839
3583,-0.03822
3585,-0.038607
3587,-0.038999
3589,-0.039397
3591,-0.039801
3593,-0.040211
3595,-0.040628
3597,-0.04105
3599,-0.041479
3601,-0.041914
3603,-0.042356
3605,-0.042804
3607,-0.04326
3609,-0.043722
3611,-0.044192
3613,-0.044669
3615,-0.045153
3617,-0.045645
3619,-0.046145
3621,-0.046653
3623,-0.047169
3625,-0.047693
3627,-0.048226
3629,-0.048767
3631,-0.049317
3633,-0.049876
3635,-0.050444
3637,-0.051022
3639,-0.051609
3641,-0.052206
3643,-0.052813
3645,-0.053431
3647,-0.054058
3649,-0.054697
3651,-0.055347
3653,-0.056007
3655,-0.05668
3657,-0.057364
3659,-0.05806
3661,-0.058768
3663,-0.059489
3665,-0.060223
3667,-0.06097
3669,-0.06173
3671,-0.062505
3673,-0.063293
3675,-0.064096
3677,-0.064914
3679,-0.065747
3681,-0.066596
3683,-0.06746
3685,-0.068341
3687,-0.069239
3689,-0.070154
3691,-0.071087
3693,-0.072038
3695,-0.073007
3697,-0.073995
3699,-0.075003
3701,-0.076031
3703,-0.07708
3705,-0.07815
3707,-0.079241
3709,-0.080355
3711,-0.081491
3713,-0.082651
3715,-0.083836
3717,-0.085045
3719,-0.08628
3721,-0.08754
3723,-0.088828
3725,-0.090144
3727,-0.091488
3729,-0.092861
3731,-0.094265
3733,-0.095699
3735,-0.097166
3737,-0.098666
3739,-0.1002
3741,-0.10177
3743,-0.10337
3745,-0.10501
3747,-0.10669
3749,-0.10841
3751,-0.11017
3753,-0.11197
3755,-0.11382
3757,-0.11571
3759,-0.11764
3761,-0.11963
3763,-0.12166
3765,-0.12374
3767,-0.12588
3769,-0.12806
3771,-0.13031
3773,-0.13261
3775,-0.13497
3777,-0.1374
3779,-0.13989
3781,-0.14244
3783,-0.14506
3785,-0.14775
3787,-0.15052
3789,-0.15336
3791,-0.15629
3793,-0.15929
3795,-0.16238
3797,-0.16555
3799,-0.16882
3801,-0.17218
3803,-0.17564
3805,-0.17921
3807,-0.18287
3809,-0.18665
3811,-0.19055
3813,-0.19456
3815,-0.1987
3817,-0.20296
3819,-0.20736
3821,-0.2119
3823,-0.21659
3825,-0.22143
3827,-0.22642
3829,-0.23159
3831,-0.23692
3833,-0.24244
3835,-0.24814
3837,-0.25404
3839,-0.26014
3841,-0.26647
3843,-0.27301
3845,-0.27979
3847,-0.28682
3849,-0.29411
3851,-0.30167
3853,-0.30951
3855,-0.31765
3857,-0.3261
3859,-0.33488
3861,-0.34401
3863,-0.3535
3865,-0.36337
3867,-0.37365
3869,-0.38434
3871,-0.39549
3873,-0.4071
3875,-0.41921
3877,-0.43185
3879,-0.44503
3881,-0.45881
3883,-0.4732
3885,-0.48824
3887,-0.50398
3889,-0.52044
3891,-0.53769
3893,-0.55576
3895,-0.5747
3897,-0.59458
3899,-0.61544
3901,-0.63735
3903,-0.66037
3905,-0.68459
3907,-0.71006
3909,-0.73689
3911,-0.76516
3913,-0.79496
3915,-0.8264
3917,-0.85959
3919,-0.89465
3921,-0.9317
3923,-0.9709
3925,-1.0124
3927,-1.0563
3929,-1.1029
3931,-1.1522
3933,-1.2046
3935,-1.2602
3937,-1.3192
3939,-1.3819
3941,-1.4485
3943,-1.5193
3945,-1.5946
3947,-1.6747
3949,-1.7598
3951,-1.8503
3953,-1.9465
3955,-2.0486
3957,-2.1571
3959,-2.272
3961,-2.3937
3963,-2.5223
3965,-2.6578
3967,-2.8003
3969,-2.9496
3971,-3.1053
3973,-3.2668
3975,-3.4334
3977,-3.6036
3979,-3.7761
3981,-3.9488
3983,-4.1193
3985,-4.2846
3987,-4.4413
3989,-4.5859
3991,-4.7143
3993,-4.8229
3995,-4.9079
3997,-4.9664
3999,-4.9962
4001,-4.9962
4003,-4.9665
4005,-4.9081
4007,-4.8234
4009,-4.7154
4011,-4.5877
4013,-4.4441
4015,-4.2886
4017,-4.1247
4019,-3.9557
4021,-3.7846
4023,-3.6137
4025,-3.445
4027,-3.2801
4029,-3.1201
4031,-2.9658
4033,-2.8179
4035,-2.6767
4037,-2.5423
4039,-2.4148
4041,-2.294
4043,-2.1799
4045,-2.0723
4047,-1.9708
4049,-1.8751
4051,-1.7851
4053,-1.7004
4055,-1.6207
4057,-1.5456
4059,-1.475
4061,-1.4086
4063,-1.346
4065,-1.287
4067,-1.2315
4069,-1.1791
4071,-1.1297
4073,-1.0831
4075,-1.0391
4077,-0.99751
4079,-0.95819
4081,-0.92099
4083,-0.88577
4085,-0.85241
4087,-0.82079
4089,-0.7908
4091,-0.76233
4093,-0.7353
4095,-0.70961
4097,-0.68518
4099,-0.66193
4101,-0.6398
4103,-0.61872
4105,-0.59862
4107,-0.57945
4109,-0.56115
4111,-0.54368
4113,-0.52698
4115,-0.51102
4117,-0.49575
4119,-0.48114
4121,-0.46714
4123,-0.45374
4125,-0.44088
4127,-0.42856
4129,-0.41673
4131,-0.40537
4133,-0.39446
4135,-0.38398
4137,-0.3739
4139,-0.36421
4141,-0.35489
4143,-0.34591
4145,-0.33726
4147,-0.32893
4149,-0.3209
4151,-0.31315
4153,-0.30568
4155,-0.29847
4157,-0.29151
4159,-0.28479
4161,-0.27829
4163,-0.27202
4165,-0.26595
4167,-0.26008
4169,-0.2544
4171,-0.2489
4173,-0.24358
4175,-0.23843
4177,-0.23344
4179,-0.2286
4181,-0.22391
4183,-0.21936
4185,-0.21495
4187,-0.21067
4189,-0.20652
4191,-0.20249
4193,-0.19857
4195,-0.19477
4197,-0.19107
4199,-0.18748
4201,-0.18399
4203,-0.1806
4205,-0.1773
4207,-0.17409
4209,-0.17096
4211,-0.16792
4213,-0.16496
4215,-0.16208
4217,-0.15927
4219,-0.15653
4221,-0.15387
4223,-0.15127
4225,-0.14874
4227,-0.14627
4229,-0.14386
4231,-0.14152
4233,-0.13923
4235,-0.13699
4237,-0.13481
4239,-0.13268
4241,-0.1306
4243,-0.12857
4245,-0.12659
4247,-0.12465
4249,-0.12276
4251,-0.12091
4253,-0.1191
4255,-0.11733
4257,-0.1156
4259,-0.11391
4261,-0.11226
4263,-0.11064
4265,-0.10906
4267,-0.10751
4269,-0.106
4271,-0.10452
4273,-0.10306
4275,-0.10164
4277,-0.10025
4279,-0.098889
4281,-0.097554
4283,-0.096246
4285,-0.094964
4287,-0.093708
4289,-0.092478
4291,-0.091271
4293,-0.090089
4295,-0.088929
4297,-0.087792
4299,-0.086677
4301,-0.085583
4303,-0.08451
4305,-0.083458
4307,-0.082425
4309,-0.081412
4311,-0.080417
4313,-0.079441
4315,-0.078482
4317,-0.077541
4319,-0.076617
4321,-0.07571
4323,-0.074819
4325,-0.073944
4327,-0.073085
4329,-0.07224
4331,-0.071411
4333,-0.070595
4335,-0.069794
4337,-0.069007
4339,-0.068233
4341,-0.067472
4343,-0.066724
4345,-0.065989
4347,-0.065266
4349,-0.064555
4351,-0.063855
4353,-0.063167
4355,-0.062491
4357,-0.061825
4359,-0.06117
4361,-0.060526
4363,-0.059892
4365,-0.059268
4367,-0.058654
4369,-0.05805
4371,-0.057455
4373,-0.056869
4375,-0.056293
4377,-0.055725
4379,-0.055166
4381,-0.054616
4383,-0.054074
4385,-0.05354
4387,-0.053014
4389,-0.052496
4391,-0.051985
4393,-0.051483
4395,-0.050987
4397,-0.050499
4399,-0.050018
4401,-0.049544
4403,-0.049077
4405,-0.048616
4407,-0.048162
4409,-0.047715
4411,-0.047274
4413,-0.046839
4415,-0.04641
4417,-0.045987
4419,-0.04557
4421,-0.045159
4423,-0.044754
4425,-0.044354
4427,-0.043959
4429,-0.04357
4431,-0.043186
4433,-0.042808
4435,-0.042434
4437,-0.042065
4439,-0.041701
4441,-0.041342
4443,-0.040988
4445,-0.040638
4447,-0.040293
4449,-0.039953
4451,-0.039617
4453,-0.039285
4455,-0.038957
4457,-0.038634
4459,-0.038314
4461,-0.037999
4463,-0.037688
4465,-0.03738
4467,-0.037077
4469,-0.036777
4471,-0.036481
4473,-0.036188
4475,-0.035899
4477,-0.035614
4479,-0.035332
4481,-0.035054
4483,-0.034779
4485,-0.034507
4487,-0.034238
4489,-0.033973
4491,-0.033711
4493,-0.033452
4495,-0.033195
4497,-0.032942
4499,-0.032692
4501,-0.032445
4503,-0.032201
4505,-0.031959
4507,-0.031721
4509,-0.031485
4511,-0.031251
4513,-0.031021
4515,-0.030793
4517,-0.030567
4519,-0.030344
4521,-0.030124
4523,-0.029906
4525,-0.02969
4527,-0.029477
4529,-0.029266
4531,-0.029058
4533,-0.028852
4535,-0.028648
4537,-0.028446
4539,-0.028246
4541,-0.028049
4543,-0.027853
4545,-0.02766
4547,-0.027469
4549,-0.02728
4551,-0.027093
4553,-0.026908
4555,-0.026724
4557,-0.026543
4559,-0.026364
4561,-0.026186
4563,-0.02601
4565,-0.025837
4567,-0.025664
4569,-0.025494
4571,-0.025326
4573,-0.025159
4575,-0.024993
4577,-0.02483
4579,-0.024668
4581,-0.024508
4583,-0.024349
4585,-0.024192
4587,-0.024037
4589,-0.023883
4591,-0.02373
4593,-0.023579
4595,-0.02343
4597,-0.023282
4599,-0.023135
4601,-0.02299
4603,-0.022846
4605,-0.022704
4607,-0.022563
4609,-0.022423
4611,-0.022285
4613,-0.022148
4615,-0.022012
4617,-0.021878
4619,-0.021744
4621,-0.021612
4623,-0.021482
4625,-0.021352
4627,-0.021224
4629,-0.021097
4631,-0.020971
4633,-0.020846
4635,-0.020723
4637,-0.0206
4639,-0.020479
4641,-0.020359
4643,-0.020239
4645,-0.020121
4647,-0.020004
4649,-0.019888
4651,-0.019773
4653,-0.01966
4655,-0.019547
4657,-0.019435
4659,-0.019324
4661,-0.019214
4663,-0.019105
4665,-0.018997
4667,-0.01889
4669,-0.018784
4671,-0.018679
4673,-0.018574
4675,-0.018471
4677,-0.018368
4679,-0.018267
4681,-0.018166
4683,-0.018066
4685,-0.017967
4687,-0.017869
4689,-0.017771
4691,-0.017675
4693,-0.017579
4695,-0.017484
4697,-0.01739
4699,-0.017296
4701,-0.017204
4703,-0.017112
4705,-0.017021
4707,-0.016931
4709,-0.016841
4711,-0.016752
4713,-0.016664
4715,-0.016577
4717,-0.01649
4719,-0.016404
4721,-0.016319
4723,-0.016234
4725,-0.01615
4727,-0.016067
4729,-0.015984
4731,-0.015902
4733,-0.015821
4735,-0.01574
4737,-0.01566
4739,-0.015581
4741,-0.015502
4743,-0.015424
4745,-0.015346
4747,-0.015269
4749,-0.015193
4751,-0.015117
4753,-0.015042
4755,-0.014968
4757,-0.014894
4759,-0.01482
4761,-0.014747
4763,-0.014675
4765,-0.014603
4767,-0.014532
4769,-0.014461
4771,-0.014391
4773,-0.014321
4775,-0.014252
4777,-0.014184
4779,-0.014116
4781,-0.014048
4783,-0.013981
4785,-0.013914
4787,-0.013848
4789,-0.013783
4791,-0.013718
4793,-0.013653
4795,-0.013589
4797,-0.013525
4799,-0.013462
4801,-0.013399
4803,-0.013337
4805,-0.013275
4807,-0.013213
4809,-0.013152
4811,-0.013092
4813,-0.013032
4815,-0.012972
4817,-0.012913
4819,-0.012854
4821,-0.012795
4823,-0.012737
4825,-0.01268
4827,-0.012623
4829,-0.012566
4831,-0.012509
4833,-0.012453
4835,-0.012398
4837,-0.012342
4839,-0.012288
4841,-0.012233
4843,-0.012179
4845,-0.012125
4847,-0.012072
4849,-0.012019
4851,-0.011966
4853,-0.011914
4855,-0.011862
4857,-0.01181
4859,-0.011759
4861,-0.011708
4863,-0.011658
4865,-0.011608
4867,-0.011558
4869,-0.011508
4871,-0.011459
4873,-0.01141
4875,-0.011361
4877,-0.011313
4879,-0.011265
4881,-0.011218
4883,-0.01117
4885,-0.011123
4887,-0.011077
4889,-0.01103
4891,-0.010984
4893,-0.010939
4895,-0.010893
4897,-0.010848
4899,-0.010803
4901,-0.010758
4903,-0.010714
4905,-0.01067
4907,-0.010626
4909,-0.010583
4911,-0.01054
4913,-0.010497
4915,-0.010454
4917,-0.010412
4919,-0.01037
4921,-0.010328
4923,-0.010286
4925,-0.010245
4927,-0.010204
4929,-0.010163
4931,-0.010122
4933,-0.010082
4935,-0.010042
4937,-0.010002
4939,-0.0099628
4941,-0.0099234
4943,-0.0098844
4945,-0.0098455
4947,-0.0098069
4949,-0.0097686
4951,-0.0097304
4953,-0.0096925
4955,-0.0096549
4957,-0.0096174
4959,-0.0095802
4961,-0.0095432
4963,-0.0095065
4965,-0.0094699
4967,-0.0094336
4969,-0.0093975
4971,-0.0093616
4973,-0.0093259
4975,-0.0092904
4977,-0.0092552
4979,-0.0092201
4981,-0.0091853
4983,-0.0091506
4985,-0.0091162
4987,-0.009082
4989,-0.0090479
4991,-0.0090141
4993,-0.0089804
4995,-0.008947
4997,-0.0089137
4999,-0.0088807
5001,-0.0088478
5003,-0.0088151
5005,-0.0087826
5007,-0.0087503
5009,-0.0087182
5011,-0.0086863
5013,-0.0086545
5015,-0.008623
5017,-0.0085916
5019,-0.0085604
5021,-0.0085293
5023,-0.0084985
5025,-0.0084678
5027,-0.0084373
5029,-0.0084069
5031,-0.0083767
5033,-0.0083467
5035,-0.0083169
5037,-0.0082872
5039,-0.0082577
5041,-0.0082284
5043,-0.0081992
5045,-0.0081702
5047,-0.0081413
5049,-0.0081126
5051,-0.0080841
5053,-0.0080557
5055,-0.0080274
5057,-0.0079994
5059,-0.0079714
5061,-0.0079437
5063,-0.007916
5065,-0.0078886
5067,-0.0078612
5069,-0.0078341
5071,-0.007807
5073,-0.0077802
5075,-0.0077534
5077,-0.0077268
5079,-0.0077004
5081,-0.0076741
5083,-0.0076479
5085,-0.0076218
5087,-0.0075959
5089,-0.0075702
5091,-0.0075446
5093,-0.0075191
5095,-0.0074937
5097,-0.0074685
5099,-0.0074434
5101,-0.0074185
5103,-0.0073936
5105,-0.0073689
5107,-0.0073444
5109,-0.0073199
5111,-0.0072956
5113,-0.0072714
5115,-0.0072474
5117,-0.0072234
5119,-0.0071996
5121,-0.0071759
5123,-0.0071524
5125,-0.0071289
5127,-0.0071056
5129,-0.0070824
5131,-0.0070593
5133,-0.0070363
5135,-0.0070134
5137,-0.0069907
5139,-0.0069681
5141,-0.0069456
5143,-0.0069232
5145,-0.0069009
5147,-0.0068787
5149,-0.0068566
5151,-0.0068347
5153,-0.0068128
5155,-0.0067911
5157,-0.0067695
5159,-0.0067479
5161,-0.0067265
5163,-0.0067052
5165,-0.006684
5167,-0.0066629
5169,-0.0066419
5171,-0.006621
5173,-0.0066003
5175,-0.0065796
5177,-0.006559
5179,-0.0065385
5181,-0.0065181
5183,-0.0064978
5185,-0.0064776
5187,-0.0064576
5189,-0.0064376
5191,-0.0064177
5193,-0.0063979
5195,-0.0063782
5197,-0.0063586
5199,-0.006339
5201,-0.0063196
5203,-0.0063003
5205,-0.0062811
5207,-0.0062619
5209,-0.0062429
5211,-0.0062239
5213,-0.006205
5215,-0.0061862
5217,-0.0061675
5219,-0.0061489
5221,-0.0061304
5223,-0.006112
5225,-0.0060936
5227,-0.0060754
5229,-0.0060572
5231,-0.0060391
5233,-0.0060211
5235,-0.0060032
5237,-0.0059853
5239,-0.0059676
5241,-0.0059499
5243,-0.0059323
5245,-0.0059148
5247,-0.0058974
5249,-0.00588
5251,-0.0058628
5253,-0.0058456
5255,-0.0058285
5257,-0.0058114
5259,-0.0057945
5261,-0.0057776
5263,-0.0057608
5265,-0.0057441
5267,-0.0057274
5269,-0.0057108
5271,-0.0056943
5273,-0.0056779
5275,-0.0056616
5277,-0.0056453
5279,-0.0056291
5281,-0.0056129
5283,-0.0055969
5285,-0.0055809
5287,-0.005565
5289,-0.0055491
5291,-0.0055333
5293,-0.0055176
5295,-0.005502
5297,-0.0054864
5299,-0.0054709
5301,-0.0054555
5303,-0.0054401
5305,-0.0054248
5307,-0.0054096
5309,-0.0053945
5311,-0.0053794
5313,-0.0053643
5315,-0.0053494
5317,-0.0053345
5319,-0.0053196
5321,-0.0053049
5323,-0.0052902
5325,-0.0052755
5327,-0.0052609
5329,-0.0052464
5331,-0.005232
5333,-0.0052176
5335,-0.0052033
5337,-0.005189
5339,-0.0051748
5341,-0.0051606
5343,-0.0051465
5345,-0.0051325
5347,-0.0051186
5349,-0.0051047
5351,-0.0050908
5353,-0.005077
5355,-0.0050633
5357,-0.0050496
5359,-0.005036
5361,-0.0050224
5363,-0.0050089
5365,-0.0049955
5367,-0.0049821
5369,-0.0049688
5371,-0.0049555
5373,-0.0049423
5375,-0.0049291
5377,-0.004916
5379,-0.0049029
5381,-0.0048899
5383,-0.004877
5385,-0.0048641
5387,-0.0048513
5389,-0.0048385
5391,-0.0048257
5393,-0.004813
5395,-0.0048004
5397,-0.0047878
5399,-0.0047753
5401,-0.0047628
5403,-0.0047504
5405,-0.004738
5407,-0.0047257
5409,-0.0047134
5411,-0.0047012
5413,-0.004689
5415,-0.0046769
5417,-0.0046648
5419,-0.0046528
5421,-0.0046408
5423,-0.0046289
5425,-0.004617
5427,-0.0046051
5429,-0.0045934
5431,-0.0045816
5433,-0.0045699
5435,-0.0045583
5437,-0.0045467
5439,-0.0045351
5441,-0.0045236
5443,-0.0045121
5445,-0.0045007
5447,-0.0044893
5449,-0.004478
5451,-0.0044667
5453,-0.0044555
5455,-0.0044443
5457,-0.0044331
5459,-0.004422
5461,-0.004411
5463,-0.0043999
5465,-0.0043889
5467,-0.004378
5469,-0.0043671
5471,-0.0043563
5473,-0.0043455
5475,-0.0043347
5477,-0.004324
5479,-0.0043133
5481,-0.0043026
5483,-0.004292
5485,-0.0042815
5487,-0.0042709
5489,-0.0042605
5491,-0.00425
5493,-0.0042396
5495,-0.0042293
5497,-0.0042189
5499,-0.0042086
5501,-0.0041984
5503,-0.0041882
5505,-0.004178
5507,-0.0041679
5509,-0.0041578
5511,-0.0041478
5513,-0.0041377
5515,-0.0041278
5517,-0.0041178
5519,-0.0041079
5521,-0.0040981
5523,-0.0040882
5525,-0.0040785
5527,-0.0040687
5529,-0.004059
5531,-0.0040493
5533,-0.0040397
5535,-0.00403
5537,-0.0040205
5539,-0.0040109
5541,-0.0040014
5543,-0.003992
5545,-0.0039825
5547,-0.0039731
5549,-0.0039638
5551,-0.0039544
5553,-0.0039451
5555,-0.0039359
5557,-0.0039267
5559,-0.0039175
5561,-0.0039083
5563,-0.0038992
5565,-0.0038901
5567,-0.003881
5569,-0.003872
5571,-0.003863
5573,-0.003854
5575,-0.0038451
5577,-0.0038362
5579,-0.0038273
5581,-0.0038185
5583,-0.0038097
5585,-0.0038009
5587,-0.0037922
5589,-0.0037835
5591,-0.0037748
5593,-0.0037662
5595,-0.0037576
5597,-0.003749
5599,-0.0037404
5601,-0.0037319
5603,-0.0037234
5605,-0.003715
5607,-0.0037065
5609,-0.0036981
5611,-0.0036897
5613,-0.0036814
5615,-0.0036731
5617,-0.0036648
5619,-0.0036566
5621,-0.0036483
5623,-0.0036401
5625,-0.003632
5627,-0.0036238
5629,-0.0036157
5631,-0.0036076
5633,-0.0035996
5635,-0.0035915
5637,-0.0035835
5639,-0.0035756
5641,-0.0035676
5643,-0.0035597
5645,-0.0035518
5647,-0.003544
5649,-0.0035361
5651,-0.0035283
5653,-0.0035205
5655,-0.0035128
5657,-0.0035051
5659,-0.0034974
5661,-0.0034897
5663,-0.003482
5665,-0.0034744
5667,-0.0034668
5669,-0.0034592
5671,-0.0034517
5673,-0.0034442
5675,-0.0034367
5677,-0.0034292
5679,-0.0034218
5681,-0.0034144
5683,-0.003407
5685,-0.0033996
5687,-0.0033923
5689,-0.0033849
5691,-0.0033776
5693,-0.0033704
5695,-0.0033631
5697,-0.0033559
5699,-0.0033487
5701,-0.0033415
5703,-0.0033344
5705,-0.0033273
5707,-0.0033202
5709,-0.0033131
5711,-0.003306
5713,-0.003299
5715,-0.003292
5717,-0.003285
5719,-0.0032781
5721,-0.0032711
5723,-0.0032642
5725,-0.0032573
5727,-0.0032504
5729,-0.0032436
5731,-0.0032368
5733,-0.00323
5735,-0.0032232
5737,-0.0032164
5739,-0.0032097
5741,-0.003203
5743,-0.0031963
5745,-0.0031896
5747,-0.003183
5749,-0.0031763
5751,-0.0031697
5753,-0.0031631
5755,-0.0031566
5757,-0.00315
5759,-0.0031435
5761,-0.003137
5763,-0.0031305
5765,-0.0031241
5767,-0.0031176
5769,-0.0031112
5771,-0.0031048
5773,-0.0030985
5775,-0.0030921
5777,-0.0030858
5779,-0.0030794
5781,-0.0030732
5783,-0.0030669
5785,-0.0030606
5787,-0.0030544
5789,-0.0030482
5791,-0.003042
5793,-0.0030358
5795,-0.0030296
5797,-0.0030235
5799,-0.0030174
5801,-0.0030113
5803,-0.0030052
5805,-0.0029991
5807,-0.0029931
5809,-0.0029871
5811,-0.0029811
5813,-0.0029751
5815,-0.0029691
5817,-0.0029632
5819,-0.0029573
5821,-0.0029513
5823,-0.0029454
5825,-0.0029396
5827,-0.0029337
5829,-0.0029279
5831,-0.0029221
5833,-0.0029163
5835,-0.0029105
5837,-0.0029047
5839,-0.002899
5841,-0.0028932
5843,-0.0028875
5845,-0.0028818
5847,-0.0028761
5849,-0.0028705
5851,-0.0028648
5853,-0.0028592
5855,-0.0028536
5857,-0.002848
5859,-0.0028424
5861,-0.0028369
5863,-0.0028313
5865,-0.0028258
5867,-0.0028203
5869,-0.0028148
5871,-0.0028093
5873,-0.0028039
5875,-0.0027984
5877,-0.002793
5879,-0.0027876
5881,-0.0027822
5883,-0.0027768
5885,-0.0027715
5887,-0.0027661
5889,-0.0027608
5891,-0.0027555
5893,-0.0027502
5895,-0.0027449
5897,-0.0027397
5899,-0.0027344
5901,-0.0027292
5903,-0.002724
5905,-0.0027188
5907,-0.0027136
5909,-0.0027084
5911,-0.0027032
5913,-0.0026981
5915,-0.002693
5917,-0.0026879
5919,-0.0026828
5921,-0.0026777
5923,-0.0026726
5925,-0.0026676
5927,-0.0026625
5929,-0.0026575
5931,-0.0026525
5933,-0.0026475
5935,-0.0026425
5937,-0.0026376
5939,-0.0026326
5941,-0.0026277
5943,-0.0026228
5945,-0.0026179
5947,-0.002613
5949,-0.0026081
5951,-0.0026032
5953,-0.0025984
5955,-0.0025935
5957,-0.0025887
5959,-0.0025839
5961,-0.0025791
5963,-0.0025743
5965,-0.0025696
5967,-0.0025648
5969,-0.0025601
5971,-0.0025554
5973,-0.0025507
5975,-0.002546
5977,-0.0025413
5979,-0.0025366
5981,-0.0025319
5983,-0.0025273
5985,-0.0025227
5987,-0.002518
5989,-0.0025134
5991,-0.0025088
5993,-0.0025043
5995,-0.0024997
5997,-0.0024951
5999,-0.0024906
6001,-0.0024861
6003,-0.0024816
6005,-0.0024771
6007,-0.0024726
6009,-0.0024681
6011,-0.0024636
6013,-0.0024592
6015,-0.0024547
6017,-0.0024503
6019,-0.0024459
6021,-0.0024415
6023,-0.0024371
6025,-0.0024327
6027,-0.0024284
6029,-0.002424
6031,-0.0024197
6033,-0.0024153
6035,-0.002411
6037,-0.0024067
6039,-0.0024024
6041,-0.0023981
6043,-0.0023939
6045,-0.0023896
6047,-0.0023854
6049,-0.0023811
6051,-0.0023769
6053,-0.0023727
6055,-0.0023685
6057,-0.0023643
6059,-0.0023601
6061,-0.002356
6063,-0.0023518
6065,-0.0023477
6067,-0.0023435
6069,-0.0023394
6071,-0.0023353
6073,-0.0023312
6075,-0.0023271
6077,-0.002323
6079,-0.002319
6081,-0.0023149
6083,-0.0023109
6085,-0.0023068
6087,-0.0023028
6089,-0.0022988
6091,-0.0022948
6093,-0.0022908
6095,-0.0022868
6097,-0.0022829
6099,-0.0022789
6101,-0.002275
6103,-0.002271
6105,-0.0022671
6107,-0.0022632
6109,-0.0022593
6111,-0.0022554
6113,-0.0022515
6115,-0.0022476
6117,-0.0022438
6119,-0.0022399
6121,-0.0022361
6123,-0.0022322
6125,-0.0022284
6127,-0.0022246
6129,-0.0022208
6131,-0.002217
6133,-0.0022132
6135,-0.0022095
6137,-0.0022057
6139,-0.002202
6141,-0.0021982
6143,-0.0021945
6145,-0.0021908
6147,-0.002187
6149,-0.0021833
6151,-0.0021796
6153,-0.002176
6155,-0.0021723
6157,-0.0021686
6159,-0.002165
6161,-0.0021613
6163,-0.0021577
6165,-0.0021541
6167,-0.0021504
6169,-0.0021468
6171,-0.0021432
6173,-0.0021396
6175,-0.0021361
6177,-0.0021325
6179,-0.0021289
6181,-0.0021254
6183,-0.0021218
6185,-0.0021183
6187,-0.0021148
6189,-0.0021113
6191,-0.0021077
6193,-0.0021043
6195,-0.0021008
6197,-0.0020973
6199,-0.0020938
6201,-0.0020903
6203,-0.0020869
6205,-0.0020834
6207,-0.00208
6209,-0.0020766
6211,-0.0020732
6213,-0.0020698
6215,-0.0020664
6217,-0.002063
6219,-0.0020596
6221,-0.0020562
6223,-0.0020528
6225,-0.0020495
6227,-0.0020461
6229,-0.0020428
6231,-0.0020394
6233,-0.0020361
6235,-0.0020328
6237,-0.0020295
6239,-0.0020262
6241,-0.0020229
6243,-0.0020196
6245,-0.0020163
6247,-0.0020131
6249,-0.0020098
6251,-0.0020066
6253,-0.0020033
6255,-0.0020001
6257,-0.0019969
6259,-0.0019936
6261,-0.0019904
6263,-0.0019872
6265,-0.001984
6267,-0.0019808
6269,-0.0019777
6271,-0.0019745
6273,-0.0019713
6275,-0.0019682
6277,-0.001965
6279,-0.0019619
6281,-0.0019588
6283,-0.0019556
6285,-0.0019525
6287,-0.0019494
6289,-0.0019463
6291,-0.0019432
6293,-0.0019401
6295,-0.001937
6297,-0.001934
6299,-0.0019309
6301,-0.0019278
6303,-0.0019248
6305,-0.0019218
6307,-0.0019187
6309,-0.0019157
6311,-0.0019127
6313,-0.0019097
6315,-0.0019067
6317,-0.0019037
6319,-0.0019007
6321,-0.0018977
6323,-0.0018947
6325,-0.0018917
6327,-0.0018888
6329,-0.0018858
6331,-0.0018829
6333,-0.0018799
6335,-0.001877
6337,-0.0018741
6339,-0.0018712
6341,-0.0018682
6343,-0.0018653
6345,-0.0018624
6347,-0.0018595
6349,-0.0018567
6351,-0.0018538
6353,-0.0018509
6355,-0.001848
6357,-0.0018452
6359,-0.0018423
6361,-0.0018395
6363,-0.0018367
6365,-0.0018338
6367,-0.001831
6369,-0.0018282
6371,-0.0018254
6373,-0.0018226
6375,-0.0018198
6377,-0.001817
6379,-0.0018142
6381,-0.0018114
6383,-0.0018086
6385,-0.0018059
6387,-0.0018031
6389,-0.0018004
6391,-0.0017976
6393,-0.0017949
6395,-0.0017921
6397,-0.0017894
6399,-0.0017867
6401,-0.001784
6403,-0.0017813
6405,-0.0017786
6407,-0.0017759
6409,-0.0017732
6411,-0.0017705
6413,-0.0017678
6415,-0.0017652
6417,-0.0017625
6419,-0.0017598
6421,-0.0017572
6423,-0.0017546
6425,-0.0017519
6427,-0.0017493
6429,-0.0017467
6431,-0.001744
6433,-0.0017414
6435,-0.0017388
6437,-0.0017362
6439,-0.0017336
6441,-0.001731
6443,-0.0017284
6445,-0.0017258
6447,-0.0017233
6449,-0.0017207
6451,-0.0017181
6453,-0.0017156
6455,-0.001713
6457,-0.0017105
6459,-0.001708
6461,-0.0017054
6463,-0.0017029
6465,-0.0017004
6467,-0.0016979
6469,-0.0016954
6471,-0.0016928
6473,-0.0016903
6475,-0.0016879
6477,-0.0016854
6479,-0.0016829
6481,-0.0016804
6483,-0.0016779
6485,-0.0016755
6487,-0.001673
6489,-0.0016706
6491,-0.0016681
6493,-0.0016657
6495,-0.0016632
6497,-0.0016608
6499,-0.0016584
6501,-0.001656
6503,-0.0016535
6505,-0.0016511
6507,-0.0016487
6509,-0.0016463
6511,-0.0016439
6513,-0.0016415
6515,-0.0016392
6517,-0.0016368
6519,-0.0016344
6521,-0.001632
6523,-0.0016297
6525,-0.0016273
6527,-0.001625
6529,-0.0016226
6531,-0.0016203
6533,-0.0016179
6535,-0.0016156
6537,-0.0016133
6539,-0.001611
6541,-0.0016086
6543,-0.0016063
6545,-0.001604
6547,-0.0016017
6549,-0.0015994
6551,-0.0015971
6553,-0.0015948
6555,-0.0015926
6557,-0.0015903
6559,-0.001588
6561,-0.0015857
6563,-0.0015835
6565,-0.0015812
6567,-0.001579
6569,-0.0015767
6571,-0.0015745
6573,-0.0015723
6575,-0.00157
6577,-0.0015678
6579,-0.0015656
6581,-0.0015634
6583,-0.0015611
6585,-0.0015589
6587,-0.0015567
6589,-0.0015545
6591,-0.0015523
6593,-0.0015501
6595,-0.001548
6597,-0.0015458
6599,-0.0015436
6601,-0.0015414
6603,-0.0015393
6605,-0.0015371
6607,-0.001535
6609,-0.0015328
6611,-0.0015307
6613,-0.0015285
6615,-0.0015264
6617,-0.0015242
6619,-0.0015221
6621,-0.00152
6623,-0.0015179
6625,-0.0015157
6627,-0.0015136
6629,-0.0015115
6631,-0.0015094
6633,-0.0015073
6635,-0.0015052
6637,-0.0015031
6639,-0.0015011
6641,-0.001499
6643,-0.0014969
6645,-0.0014948
6647,-0.0014928
6649,-0.0014907
6651,-0.0014886
6653,-0.0014866
6655,-0.0014845
6657,-0.0014825
6659,-0.0014805
6661,-0.0014784
6663,-0.0014764
6665,-0.0014744
6667,-0.0014723
6669,-0.0014703
6671,-0.0014683
6673,-0.0014663
6675,-0.0014643
6677,-0.0014623
6679,-0.0014603
6681,-0.0014583
6683,-0.0014563
6685,-0.0014543
6687,-0.0014523
6689,-0.0014503
6691,-0.0014484
6693,-0.0014464
6695,-0.0014444
6697,-0.0014425
6699,-0.0014405
6701,-0.0014386
6703,-0.0014366
6705,-0.0014347
6707,-0.0014327
6709,-0.0014308
6711,-0.0014288
6713,-0.0014269
6715,-0.001425
6717,-0.0014231
6719,-0.0014211
6721,-0.0014192
6723,-0.0014173
6725,-0.0014154
6727,-0.0014135
6729,-0.0014116
6731,-0.0014097
6733,-0.0014078
6735,-0.0014059
6737,-0.0014041
6739,-0.0014022
6741,-0.0014003
6743,-0.0013984
6745,-0.0013966
6747,-0.0013947
6749,-0.0013928
6751,-0.001391
6753,-0.0013891
6755,-0.0013873
6757,-0.0013854
6759,-0.0013836
6761,-0.0013817
6763,-0.0013799
6765,-0.0013781
6767,-0.0013762
6769,-0.0013744
6771,-0.0013726
6773,-0.0013708
6775,-0.001369
6777,-0.0013672
6779,-0.0013654
6781,-0.0013636
6783,-0.0013618
6785,-0.00136
6787,-0.0013582
6789,-0.0013564
6791,-0.0013546
6793,-0.0013528
6795,-0.001351
6797,-0.0013493
6799,-0.0013475
6801,-0.0013457
6803,-0.001344
6805,-0.0013422
6807,-0.0013405
6809,-0.0013387
6811,-0.001337
6813,-0.0013352
6815,-0.0013335
6817,-0.0013317
6819,-0.00133
6821,-0.0013283
6823,-0.0013265
6825,-0.0013248
6827,-0.0013231
6829,-0.0013214
6831,-0.0013196
6833,-0.0013179
6835,-0.0013162
6837,-0.0013145
6839,-0.0013128
6841,-0.0013111
6843,-0.0013094
6845,-0.0013077
6847,-0.001306
6849,-0.0013044
6851,-0.0013027
6853,-0.001301
6855,-0.0012993
6857,-0.0012977
6859,-0.001296
6861,-0.0012943
6863,-0.0012927
6865,-0.001291
6867,-0.0012893
6869,-0.0012877
6871,-0.001286
6873,-0.0012844
6875,-0.0012827
6877,-0.0012811
6879,-0.0012795
6881,-0.0012778
6883,-0.0012762
6885,-0.0012746
6887,-0.001273
6889,-0.0012713
6891,-0.0012697
6893,-0.0012681
6895,-0.0012665
6897,-0.0012649
6899,-0.0012633
6901,-0.0012617
6903,-0.0012601
6905,-0.0012585
6907,-0.0012569
6909,-0.0012553
6911,-0.0012537
6913,-0.0012521
6915,-0.0012505
6917,-0.001249
6919,-0.0012474
6921,-0.0012458
6923,-0.0012442
6925,-0.0012427
6927,-0.0012411
6929,-0.0012395
6931,-0.001238
6933,-0.0012364
6935,-0.0012349
6937,-0.0012333
6939,-0.0012318
6941,-0.0012302
6943,-0.0012287
6945,-0.0012272
6947,-0.0012256
6949,-0.0012241
6951,-0.0012226
6953,-0.001221
6955,-0.0012195
6957,-0.001218
6959,-0.0012165
6961,-0.001215
6963,-0.0012135
6965,-0.0012119
6967,-0.0012104
6969,-0.0012089
6971,-0.0012074
6973,-0.0012059
6975,-0.0012044
6977,-0.001203
6979,-0.0012015
6981,-0.0012
6983,-0.0011985
6985,-0.001197
6987,-0.0011955
6989,-0.0011941
6991,-0.0011926
6993,-0.0011911
6995,-0.0011896
6997,-0.0011882
6999,-0.0011867
7001,-0.0011853
7003,-0.0011838
7005,-0.0011823
7007,-0.0011809
7009,-0.0011794
7011,-0.001178
7013,-0.0011766
7015,-0.0011751
7017,-0.0011737
7019,-0.0011722
7021,-0.0011708
7023,-0.0011694
7025,-0.001168
7027,-0.0011665
7029,-0.0011651
7031,-0.0011637
7033,-0.0011623
7035,-0.0011609
7037,-0.0011594
7039,-0.001158
7041,-0.0011566
7043,-0.0011552
7045,-0.0011538
7047,-0.0011524
7049,-0.001151
7051,-0.0011496
7053,-0.0011482
7055,-0.0011468
7057,-0.0011455
7059,-0.0011441
7061,-0.0011427
7063,-0.0011413
7065,-0.0011399
7067,-0.0011386
7069,-0.0011372
7071,-0.0011358
7073,-0.0011345
7075,-0.0011331
7077,-0.0011317
7079,-0.0011304
7081,-0.001129
7083,-0.0011277
7085,-0.0011263
7087,-0.001125
7089,-0.0011236
7091,-0.0011223
7093,-0.0011209
7095,-0.0011196
7097,-0.0011182
7099,-0.0011169
7101,-0.0011156
7103,-0.0011142
7105,-0.0011129
7107,-0.0011116
7109,-0.0011103
7111,-0.0011089
7113,-0.0011076
7115,-0.0011063
7117,-0.001105
7119,-0.0011037
7121,-0.0011024
7123,-0.0011011
7125,-0.0010998
7127,-0.0010985
7129,-0.0010972
7131,-0.0010959
7133,-0.0010946
7135,-0.0010933
7137,-0.001092
7139,-0.0010907
7141,-0.0010894
7143,-0.0010881
7145,-0.0010868
7147,-0.0010856
7149,-0.0010843
7151,-0.001083
7153,-0.0010817
7155,-0.0010805
7157,-0.0010792
7159,-0.0010779
7161,-0.0010767
7163,-0.0010754
7165,-0.0010741
7167,-0.0010729
7169,-0.0010716
7171,-0.0010704
7173,-0.0010691
7175,-0.0010679
7177,-0.0010666
7179,-0.0010654
7181,-0.0010641
7183,-0.0010629
7185,-0.0010617
7187,-0.0010604
7189,-0.0010592
7191,-0.001058
7193,-0.0010567
7195,-0.0010555
7197,-0.0010543
7199,-0.0010531
7201,-0.0010518
7203,-0.0010506
7205,-0.0010494
7207,-0.0010482
7209,-0.001047
7211,-0.0010458
7213,-0.0010445
7215,-0.0010433
7217,-0.0010421
7219,-0.0010409
7221,-0.0010397
7223,-0.0010385
7225,-0.0010373
7227,-0.0010361
7229,-0.001035
7231,-0.0010338
7233,-0.0010326
7235,-0.0010314
7237,-0.0010302
7239,-0.001029
7241,-0.0010278
7243,-0.0010267
7245,-0.0010255
7247,-0.0010243
7249,-0.0010231
7251,-0.001022
7253,-0.0010208
7255,-0.0010196
7257,-0.0010185
7259,-0.0010173
7261,-0.0010161
7263,-0.001015
7265,-0.0010138
7267,-0.0010127
7269,-0.0010115
7271,-0.0010104
7273,-0.0010092
7275,-0.0010081
7277,-0.0010069
7279,-0.0010058
7281,-0.0010046
7283,-0.0010035
7285,-0.0010024
7287,-0.0010012
7289,-0.0010001
7291,-0.00099897
7293,-0.00099784
7295,-0.00099672
7297,-0.00099559
7299,-0.00099447
7301,-0.00099334
7303,-0.00099222
7305,-0.0009911
7307,-0.00098999
7309,-0.00098887
7311,-0.00098776
7313,-0.00098665
7315,-0.00098554
7317,-0.00098443
7319,-0.00098333
7321,-0.00098222
7323,-0.00098112
7325,-0.00098002
7327,-0.00097892
7329,-0.00097783
7331,-0.00097673
7333,-0.00097564
7335,-0.00097455
7337,-0.00097346
7339,-0.00097237
7341,-0.00097129
7343,-0.0009702
7345,-0.00096912
7347,-0.00096804
7349,-0.00096696
7351,-0.00096589
7353,-0.00096481
7355,-0.00096374
7357,-0.00096267
7359,-0.0009616
7361,-0.00096053
7363,-0.00095946
7365,-0.0009584
7367,-0.00095734
7369,-0.00095628
7371,-0.00095522
7373,-0.00095416
7375,-0.0009531
7377,-0.00095205
7379,-0.000951
7381,-0.00094995
7383,-0.0009489
7385,-0.00094785
7387,-0.00094681
7389,-0.00094576
7391,-0.00094472
7393,-0.00094368
7395,-0.00094264
7397,-0.0009416
7399,-0.00094057
7401,-0.00093953
7403,-0.0009385
7405,-0.00093747
7407,-0.00093644
7409,-0.00093542
7411,-0.00093439
7413,-0.00093337
7415,-0.00093234
7417,-0.00093132
7419,-0.00093031
7421,-0.00092929
7423,-0.00092827
7425,-0.00092726
7427,-0.00092625
7429,-0.00092524
7431,-0.00092423
7433,-0.00092322
7435,-0.00092221
7437,-0.00092121
7439,-0.00092021
7441,-0.00091921
7443,-0.00091821
7445,-0.00091721
7447,-0.00091621
7449,-0.00091522
7451,-0.00091422
7453,-0.00091323
7455,-0.00091224
7457,-0.00091125
7459,-0.00091027
7461,-0.00090928
7463,-0.0009083
7465,-0.00090732
7467,-0.00090634
7469,-0.00090536
7471,-0.00090438
7473,-0.0009034
7475,-0.00090243
7477,-0.00090146
7479,-0.00090049
7481,-0.00089952
7483,-0.00089855
7485,-0.00089758
7487,-0.00089662
7489,-0.00089565
7491,-0.00089469
7493,-0.00089373
7495,-0.00089277
7497,-0.00089181
7499,-0.00089086
7501,-0.0008899
7503,-0.00088895
7505,-0.000888
7507,-0.00088705
7509,-0.0008861
7511,-0.00088515
7513,-0.0008842
7515,-0.00088326
7517,-0.00088232
7519,-0.00088138
7521,-0.00088044
7523,-0.0008795
7525,-0.00087856
7527,-0.00087763
7529,-0.00087669
7531,-0.00087576
7533,-0.00087483
7535,-0.0008739
7537,-0.00087297
7539,-0.00087204
7541,-0.00087112
7543,-0.00087019
7545,-0.00086927
7547,-0.00086835
7549,-0.00086743
7551,-0.00086651
7553,-0.0008656
7555,-0.00086468
7557,-0.00086377
7559,-0.00086285
7561,-0.00086194
7563,-0.00086103
7565,-0.00086013
7567,-0.00085922
7569,-0.00085831
7571,-0.00085741
7573,-0.00085651
7575,-0.0008556
7577,-0.0008547
7579,-0.00085381
7581,-0.00085291
7583,-0.00085201
7585,-0.00085112
7587,-0.00085022
7589,-0.00084933
7591,-0.00084844
7593,-0.00084755
7595,-0.00084667
7597,-0.00084578
7599,-0.00084489
7601,-0.00084401
7603,-0.00084313
7605,-0.00084225
7607,-0.00084137
7609,-0.00084049
7611,-0.00083961
7613,-0.00083874
7615,-0.00083786
7617,-0.00083699
7619,-0.00083612
7621,-0.00083525
7623,-0.00083438
7625,-0.00083351
7627,-0.00083264
7629,-0.00083178
7631,-0.00083091
7633,-0.00083005
7635,-0.00082919
7637,-0.00082833
7639,-0.00082747
7641,-0.00082662
7643,-0.00082576
7645,-0.0008249
7647,-0.00082405
7649,-0.0008232
7651,-0.00082235
7653,-0.0008215
7655,-0.00082065
7657,-0.0008198
7659,-0.00081896
7661,-0.00081811
7663,-0.00081727
7665,-0.00081643
7667,-0.00081559
7669,-0.00081475
7671,-0.00081391
7673,-0.00081307
7675,-0.00081224
7677,-0.0008114
7679,-0.00081057
7681,-0.00080974
7683,-0.0008089
7685,-0.00080808
7687,-0.00080725
7689,-0.00080642
7691,-0.00080559
7693,-0.00080477
7695,-0.00080395
7697,-0.00080312
7699,-0.0008023
7701,-0.00080148
7703,-0.00080066
7705,-0.00079985
7707,-0.00079903
7709,-0.00079822
7711,-0.0007974
7713,-0.00079659
7715,-0.00079578
7717,-0.00079497
7719,-0.00079416
7721,-0.00079335
7723,-0.00079254
7725,-0.00079174
7727,-0.00079093
7729,-0.00079013
7731,-0.00078933
7733,-0.00078853
7735,-0.00078773
7737,-0.00078693
7739,-0.00078613
7741,-0.00078534
7743,-0.00078454
7745,-0.00078375
7747,-0.00078296
7749,-0.00078216
7751,-0.00078137
7753,-0.00078058
7755,-0.0007798
7757,-0.00077901
7759,-0.00077822
7761,-0.00077744
7763,-0.00077666
7765,-0.00077587
7767,-0.00077509
7769,-0.00077431
7771,-0.00077353
7773,-0.00077276
7775,-0.00077198
7777,-0.0007712
7779,-0.00077043
7781,-0.00076966
7783,-0.00076888
7785,-0.00076811
7787,-0.00076734
7789,-0.00076658
7791,-0.00076581
7793,-0.00076504
7795,-0.00076428
7797,-0.00076351
7799,-0.00076275
7801,-0.00076199
7803,-0.00076122
7805,-0.00076046
7807,-0.00075971
7809,-0.00075895
7811,-0.00075819
7813,-0.00075744
7815,-0.00075668
7817,-0.00075593
7819,-0.00075518
7821,-0.00075442
7823,-0.00075367
7825,-0.00075292
7827,-0.00075218
7829,-0.00075143
7831,-0.00075068
7833,-0.00074994
7835,-0.00074919
7837,-0.00074845
7839,-0.00074771
7841,-0.00074697
7843,-0.00074623
7845,-0.00074549
7847,-0.00074475
7849,-0.00074402
7851,-0.00074328
7853,-0.00074255
7855,-0.00074181
7857,-0.00074108
7859,-0.00074035
7861,-0.00073962
7863,-0.00073889
7865,-0.00073816
7867,-0.00073744
7869,-0.00073671
7871,-0.00073598
7873,-0.00073526
7875,-0.00073454
7877,-0.00073382
7879,-0.00073309
7881,-0.00073237
7883,-0.00073166
7885,-0.00073094
7887,-0.00073022
7889,-0.0007295
7891,-0.00072879
7893,-0.00072808
7895,-0.00072736
7897,-0.00072665
7899,-0.00072594
7901,-0.00072523
7903,-0.00072452
7905,-0.00072381
7907,-0.00072311
7909,-0.0007224
7911,-0.00072169
7913,-0.00072099
7915,-0.00072029
7917,-0.00071959
7919,-0.00071888
7921,-0.00071818
7923,-0.00071749
7925,-0.00071679
7927,-0.00071609
7929,-0.00071539
7931,-0.0007147
7933,-0.000714
7935,-0.00071331
7937,-0.00071262
7939,-0.00071193
7941,-0.00071124
7943,-0.00071055
7945,-0.00070986
7947,-0.00070917
7949,-0.00070848
7951,-0.0007078
7953,-0.00070711
7955,-0.00070643
7957,-0.00070575
7959,-0.00070507
7961,-0.00070438
7963,-0.0007037
7965,-0.00070302
7967,-0.00070235
7969,-0.00070167
7971,-0.00070099
7973,-0.00070032
7975,-0.00069964
7977,-0.00069897
7979,-0.0006983
7981,-0.00069763
7983,-0.00069695
7985,-0.00069628
7987,-0.00069562
7989,-0.00069495
7991,-0.00069428
7993,-0.00069361
7995,-0.00069295
7997,-0.00069228
7999,-0.00069162
8001,-0.00069096
8003,-0.0006903
8005,-0.00068964
8007,-0.00068898
8009,-0.00068832
8011,-0.00068766
8013,-0.000687
8015,-0.00068635
8017,-0.00068569
8019,-0.00068504
8021,-0.00068438
8023,-0.00068373
8025,-0.00068308
8027,-0.00068243
8029,-0.00068178
8031,-0.00068113
8033,-0.00068048
8035,-0.00067983
8037,-0.00067918
8039,-0.00067854
8041,-0.00067789
8043,-0.00067725
8045,-0.00067661
8047,-0.00067596
8049,-0.00067532
8051,-0.00067468
8053,-0.00067404
8055,-0.0006734
8057,-0.00067277
8059,-0.00067213
8061,-0.00067149
8063,-0.00067086
8065,-0.00067022
8067,-0.00066959
8069,-0.00066896
8071,-0.00066833
8073,-0.00066769
8075,-0.00066706
8077,-0.00066643
8079,-0.00066581
8081,-0.00066518
8083,-0.00066455
8085,-0.00066392
8087,-0.0006633
8089,-0.00066268
8091,-0.00066205
8093,-0.00066143
8095,-0.00066081
8097,-0.00066019
8099,-0.00065957
8101,-0.00065895
8103,-0.00065833
8105,-0.00065771
8107,-0.00065709
8109,-0.00065648
8111,-0.00065586
8113,-0.00065525
8115,-0.00065463
8117,-0.00065402
8119,-0.00065341
8121,-0.0006528
8123,-0.00065219
8125,-0.00065158
8127,-0.00065097
8129,-0.00065036
8131,-0.00064975
8133,-0.00064915
8135,-0.00064854
8137,-0.00064793
8139,-0.00064733
8141,-0.00064673
8143,-0.00064613
8145,-0.00064552
8147,-0.00064492
8149,-0.00064432
8151,-0.00064372
8153,-0.00064312
8155,-0.00064253
8157,-0.00064193
8159,-0.00064133
8161,-0.00064074
8163,-0.00064014
8165,-0.00063955
8167,-0.00063896
8169,-0.00063836
8171,-0.00063777
8173,-0.00063718
8175,-0.00063659
8177,-0.000636
8179,-0.00063541
8181,-0.00063483
8183,-0.00063424
8185,-0.00063365
8187,-0.00063307
8189,-0.00063248
8191,-0.0006319
8193,-0.00063132
8195,-0.00063073
8197,-0.00063015
8199,-0.00062957
8201,-0.00062899
8203,-0.00062841
8205,-0.00062783
8207,-0.00062726
8209,-0.00062668
8211,-0.0006261
8213,-0.00062553
8215,-0.00062495
8217,-0.00062438
8219,-0.0006238
8221,-0.00062323
8223,-0.00062266
8225,-0.00062209
8227,-0.00062152
8229,-0.00062095
8231,-0.00062038
8233,-0.00061981
8235,-0.00061924
8237,-0.00061868
8239,-0.00061811
8241,-0.00061754
8243,-0.00061698
8245,-0.00061642
8247,-0.00061585
8249,-0.00061529
8251,-0.00061473
8253,-0.00061417
8255,-0.00061361
8257,-0.00061305
8259,-0.00061249
8261,-0.00061193
8263,-0.00061137
8265,-0.00061082
8267,-0.00061026
8269,-0.00060971
8271,-0.00060915
8273,-0.0006086
8275,-0.00060804
8277,-0.00060749
8279,-0.00060694
8281,-0.00060639
8283,-0.00060584
8285,-0.00060529
8287,-0.00060474
8289,-0.00060419
8291,-0.00060364
8293,-0.0006031
8295,-0.00060255
8297,-0.000602
8299,-0.00060146
8301,-0.00060092
8303,-0.00060037
8305,-0.00059983
8307,-0.00059929
8309,-0.00059875
8311,-0.00059821
8313,-0.00059767
8315,-0.00059713
8317,-0.00059659
8319,-0.00059605
8321,-0.00059551
8323,-0.00059498
8325,-0.00059444
8327,-0.0005939
8329,-0.00059337
8331,-0.00059284
8333,-0.0005923
8335,-0.00059177
8337,-0.00059124
8339,-0.00059071
8341,-0.00059018
8343,-0.00058965
8345,-0.00058912
8347,-0.00058859
8349,-0.00058806
8351,-0.00058753
8353,-0.00058701
8355,-0.00058648
8357,-0.00058595
8359,-0.00058543
8361,-0.00058491
8363,-0.00058438
8365,-0.00058386
8367,-0.00058334
8369,-0.00058282
8371,-0.0005823
8373,-0.00058178
8375,-0.00058126
8377,-0.00058074
8379,-0.00058022
8381,-0.0005797
8383,-0.00057918
8385,-0.00057867
8387,-0.00057815
8389,-0.00057764
8391,-0.00057712
8393,-0.00057661
8395,-0.0005761
8397,-0.00057558
8399,-0.00057507
8401,-0.00057456
8403,-0.00057405
8405,-0.00057354
8407,-0.00057303
8409,-0.00057252
8411,-0.00057201
8413,-0.00057151
8415,-0.000571
8417,-0.00057049
8419,-0.00056999
8421,-0.00056948
8423,-0.00056898
8425,-0.00056848
8427,-0.00056797
8429,-0.00056747
8431,-0.00056697
8433,-0.00056647
8435,-0.00056597
8437,-0.00056547
8439,-0.00056497
8441,-0.00056447
8443,-0.00056397
8445,-0.00056347
8447,-0.00056298
8449,-0.00056248
8451,-0.00056198
8453,-0.00056149
8455,-0.00056099
8457,-0.0005605
8459,-0.00056001
8461,-0.00055951
8463,-0.00055902
8465,-0.00055853
8467,-0.00055804
8469,-0.00055755
8471,-0.00055706
8473,-0.00055657
8475,-0.00055608
8477,-0.00055559
8479,-0.00055511
8481,-0.00055462
8483,-0.00055413
8485,-0.00055365
8487,-0.00055316
8489,-0.00055268
8491,-0.00055219
8493,-0.00055171
8495,-0.00055123
8497,-0.00055075
8499,-0.00055027
8501,-0.00054978
8503,-0.0005493
8505,-0.00054882
8507,-0.00054834
8509,-0.00054787
8511,-0.00054739
8513,-0.00054691
8515,-0.00054643
8517,-0.00054596
8519,-0.00054548
8521,-0.00054501
8523,-0.00054453
8525,-0.00054406
8527,-0.00054358
8529,-0.00054311
8531,-0.00054264
8533,-0.00054217
8535,-0.0005417
8537,-0.00054123
8539,-0.00054076
8541,-0.00054029
8543,-0.00053982
8545,-0.00053935
8547,-0.00053888
8549,-0.00053841
8551,-0.00053795
8553,-0.00053748
8555,-0.00053702
8557,-0.00053655
8559,-0.00053609
8561,-0.00053562
8563,-0.00053516
8565,-0.0005347
8567,-0.00053423
8569,-0.00053377
8571,-0.00053331
8573,-0.00053285
8575,-0.00053239
8577,-0.00053193
8579,-0.00053147
8581,-0.00053101
8583,-0.00053056
8585,-0.0005301
8587,-0.00052964
8589,-0.00052918
8591,-0.00052873
8593,-0.00052827
8595,-0.00052782
8597,-0.00052736
8599,-0.00052691
8601,-0.00052646
8603,-0.00052601
8605,-0.00052555
8607,-0.0005251
8609,-0.00052465
8611,-0.0005242
8613,-0.00052375
8615,-0.0005233
8617,-0.00052285
8619,-0.0005224
8621,-0.00052196
8623,-0.00052151
8625,-0.00052106
8627,-0.00052062
8629,-0.00052017
8631,-0.00051973
8633,-0.00051928
8635,-0.00051884
8637,-0.00051839
8639,-0.00051795
8641,-0.00051751
8643,-0.00051707
8645,-0.00051662
8647,-0.00051618
8649,-0.00051574
8651,-0.0005153
8653,-0.00051486
8655,-0.00051442
8657,-0.00051399
8659,-0.00051355
8661,-0.00051311
8663,-0.00051267
8665,-0.00051224
8667,-0.0005118
8669,-0.00051137
8671,-0.00051093
8673,-0.0005105
8675,-0.00051006
8677,-0.00050963
8679,-0.0005092
8681,-0.00050876
8683,-0.00050833
8685,-0.0005079
8687,-0.00050747
8689,-0.00050704
8691,-0.00050661
8693,-0.00050618
8695,-0.00050575
8697,-0.00050532
8699,-0.0005049
8701,-0.00050447
8703,-0.00050404
8705,-0.00050361
8707,-0.00050319
8709,-0.00050276
8711,-0.00050234
8713,-0.00050191
8715,-0.00050149
8717,-0.00050107
8719,-0.00050064
8721,-0.00050022
8723,-0.0004998
8725,-0.00049938
8727,-0.00049896
8729,-0.00049854
8731,-0.00049812
8733,-0.0004977
8735,-0.00049728
8737,-0.00049686
8739,-0.00049644
8741,-0.00049602
8743,-0.00049561
8745,-0.00049519
8747,-0.00049477
8749,-0.00049436
8751,-0.00049394
8753,-0.00049353
8755,-0.00049311
8757,-0.0004927
8759,-0.00049228
8761,-0.00049187
8763,-0.00049146
8765,-0.00049105
8767,-0.00049064
8769,-0.00049022
8771,-0.00048981
8773,-0.0004894
8775,-0.00048899
8777,-0.00048859
8779,-0.00048818
8781,-0.00048777
8783,-0.00048736
8785,-0.00048695
8787,-0.00048655
8789,-0.00048614
8791,-0.00048573
8793,-0.00048533
8795,-0.00048492
8797,-0.00048452
8799,-0.00048411
8801,-0.00048371
8803,-0.00048331
8805,-0.0004829
8807,-0.0004825
8809,-0.0004821
8811,-0.0004817
8813,-0.0004813
8815,-0.0004809
8817,-0.0004805
8819,-0.0004801
8821,-0.0004797
8823,-0.0004793
8825,-0.0004789
8827,-0.0004785
8829,-0.00047811
8831,-0.00047771
8833,-0.00047731
8835,-0.00047692
8837,-0.00047652
8839,-0.00047613
8841,-0.00047573
8843,-0.00047534
8845,-0.00047494
8847,-0.00047455
8849,-0.00047416
8851,-0.00047376
8853,-0.00047337
8855,-0.00047298
8857,-0.00047259
8859,-0.0004722
8861,-0.00047181
8863,-0.00047142
8865,-0.00047103
8867,-0.00047064
8869,-0.00047025
8871,-0.00046986
8873,-0.00046948
8875,-0.00046909
8877,-0.0004687
8879,-0.00046832
8881,-0.00046793
8883,-0.00046754
8885,-0.00046716
8887,-0.00046677
8889,-0.00046639
8891,-0.00046601
8893,-0.00046562
8895,-0.00046524
8897,-0.00046486
8899,-0.00046447
8901,-0.00046409
8903,-0.00046371
8905,-0.00046333
8907,-0.00046295
8909,-0.00046257
8911,-0.00046219
8913,-0.00046181
8915,-0.00046143
8917,-0.00046105
8919,-0.00046068
8921,-0.0004603
8923,-0.00045992
8925,-0.00045954
8927,-0.00045917
8929,-0.00045879
8931,-0.00045842
8933,-0.00045804
8935,-0.00045767
8937,-0.00045729
8939,-0.00045692
8941,-0.00045655
8943,-0.00045617
8945,-0.0004558
8947,-0.00045543
8949,-0.00045506
8951,-0.00045468
8953,-0.00045431
8955,-0.00045394
8957,-0.00045357
8959,-0.0004532
8961,-0.00045283
8963,-0.00045246
8965,-0.0004521
8967,-0.00045173
8969,-0.00045136
8971,-0.00045099
8973,-0.00045063
8975,-0.00045026
8977,-0.00044989
8979,-0.00044953
8981,-0.00044916
8983,-0.0004488
8985,-0.00044843
8987,-0.00044807
8989,-0.0004477
8991,-0.00044734
8993,-0.00044698
8995,-0.00044662
8997,-0.00044625
8999,-0.00044589
9001,-0.00044553
9003,-0.00044517
9005,-0.00044481
9007,-0.00044445
9009,-0.00044409
9011,-0.00044373
9013,-0.00044337
9015,-0.00044301
9017,-0.00044265
9019,-0.00044229
9021,-0.00044194
9023,-0.00044158
9025,-0.00044122
9027,-0.00044087
9029,-0.00044051
9031,-0.00044015
9033,-0.0004398
9035,-0.00043944
9037,-0.00043909
9039,-0.00043874
9041,-0.00043838
9043,-0.00043803
9045,-0.00043768
9047,-0.00043732
9049,-0.00043697
9051,-0.00043662
9053,-0.00043627
9055,-0.00043592
9057,-0.00043557
9059,-0.00043522
9061,-0.00043487
9063,-0.00043452
9065,-0.00043417
9067,-0.00043382
9069,-0.00043347
9071,-0.00043312
9073,-0.00043277
9075,-0.00043243
9077,-0.00043208
9079,-0.00043173
9081,-0.00043139
9083,-0.00043104
9085,-0.0004307
9087,-0.00043035
9089,-0.00043001
9091,-0.00042966
9093,-0.00042932
9095,-0.00042897
9097,-0.00042863
9099,-0.00042829
9101,-0.00042795
9103,-0.0004276
9105,-0.00042726
9107,-0.00042692
9109,-0.00042658
9111,-0.00042624
9113,-0.0004259
9115,-0.00042556
9117,-0.00042522
9119,-0.00042488
9121,-0.00042454
9123,-0.0004242
9125,-0.00042386
9127,-0.00042352
9129,-0.00042319
9131,-0.00042285
9133,-0.00042251
9135,-0.00042218
9137,-0.00042184
9139,-0.0004215
9141,-0.00042117
9143,-0.00042083
9145,-0.0004205
9147,-0.00042017
9149,-0.00041983
9151,-0.0004195
9153,-0.00041916
9155,-0.00041883
9157,-0.0004185
9159,-0.00041817
9161,-0.00041783
9163,-0.0004175
9165,-0.00041717
9167,-0.00041684
9169,-0.00041651
9171,-0.00041618
9173,-0.00041585
9175,-0.00041552
9177,-0.00041519
9179,-0.00041486
9181,-0.00041454
9183,-0.00041421
9185,-0.00041388
9187,-0.00041355
9189,-0.00041322
9191,-0.0004129
9193,-0.00041257
9195,-0.00041225
9197,-0.00041192
9199,-0.00041159
9201,-0.00041127
9203,-0.00041094
9205,-0.00041062
9207,-0.0004103
9209,-0.00040997
9211,-0.00040965
9213,-0.00040933
9215,-0.000409
9217,-0.00040868
9219,-0.00040836
9221,-0.00040804
9223,-0.00040772
9225,-0.0004074
9227,-0.00040707
9229,-0.00040675
9231,-0.00040643
9233,-0.00040611
9235,-0.0004058
9237,-0.00040548
9239,-0.00040516
9241,-0.00040484
9243,-0.00040452
9245,-0.0004042
9247,-0.00040389
9249,-0.00040357
9251,-0.00040325
9253,-0.00040294
9255,-0.00040262
9257,-0.0004023
9259,-0.00040199
9261,-0.00040167
9263,-0.00040136
9265,-0.00040104
9267,-0.00040073
9269,-0.00040042
9271,-0.0004001
9273,-0.00039979
9275,-0.00039948
9277,-0.00039916
9279,-0.00039885
9281,-0.00039854
9283,-0.00039823
9285,-0.00039792
9287,-0.00039761
9289,-0.0003973
9291,-0.00039699
9293,-0.00039668
9295,-0.00039637
9297,-0.00039606
9299,-0.00039575
9301,-0.00039544
9303,-0.00039513
9305,-0.00039482
9307,-0.00039452
9309,-0.00039421
9311,-0.0003939
9313,-0.00039359
9315,-0.00039329
9317,-0.00039298
9319,-0.00039268
9321,-0.00039237
9323,-0.00039206
9325,-0.00039176
9327,-0.00039145
9329,-0.00039115
9331,-0.00039085
9333,-0.00039054
9335,-0.00039024
9337,-0.00038994
9339,-0.00038963
9341,-0.00038933
9343,-0.00038903
9345,-0.00038873
9347,-0.00038843
9349,-0.00038812
9351,-0.00038782
9353,-0.00038752
9355,-0.00038722
9357,-0.00038692
9359,-0.00038662
9361,-0.00038632
9363,-0.00038602
9365,-0.00038572
9367,-0.00038543
9369,-0.00038513
9371,-0.00038483
9373,-0.00038453
9375,-0.00038423
9377,-0.00038394
9379,-0.00038364
9381,-0.00038334
9383,-0.00038305
9385,-0.00038275
9387,-0.00038246
9389,-0.00038216
9391,-0.00038187
9393,-0.00038157
9395,-0.00038128
9397,-0.00038098
9399,-0.00038069
9401,-0.0003804
9403,-0.0003801
9405,-0.00037981
9407,-0.00037952
9409,-0.00037923
9411,-0.00037893
9413,-0.00037864
9415,-0.00037835
9417,-0.00037806
9419,-0.00037777
9421,-0.00037748
9423,-0.00037719
9425,-0.0003769
9427,-0.00037661
9429,-0.00037632
9431,-0.00037603
9433,-0.00037574
9435,-0.00037545
9437,-0.00037516
9439,-0.00037488
9441,-0.00037459
9443,-0.0003743
9445,-0.00037401
9447,-0.00037373
9449,-0.00037344
9451,-0.00037315
9453,-0.00037287
9455,-0.00037258
9457,-0.0003723
9459,-0.00037201
9461,-0.00037173
9463,-0.00037144
9465,-0.00037116
9467,-0.00037087
9469,-0.00037059
9471,-0.00037031
9473,-0.00037002
9475,-0.00036974
9477,-0.00036946
9479,-0.00036918
9481,-0.00036889
9483,-0.00036861
9485,-0.00036833
9487,-0.00036805
9489,-0.00036777
9491,-0.00036749
9493,-0.00036721
9495,-0.00036693
9497,-0.00036665
9499,-0.00036637
9501,-0.00036609
9503,-0.00036581
9505,-0.00036553
9507,-0.00036525
9509,-0.00036497
9511,-0.0003647
9513,-0.00036442
9515,-0.00036414
9517,-0.00036386
9519,-0.00036359
9521,-0.00036331
9523,-0.00036303
9525,-0.00036276
9527,-0.00036248
9529,-0.00036221
9531,-0.00036193
9533,-0.00036166
9535,-0.00036138
9537,-0.00036111
9539,-0.00036083
9541,-0.00036056
9543,-0.00036029
9545,-0.00036001
9547,-0.00035974
9549,-0.00035947
9551,-0.0003592
9553,-0.00035892
9555,-0.00035865
9557,-0.00035838
9559,-0.00035811
9561,-0.00035784
9563,-0.00035757
9565,-0.0003573
9567,-0.00035702
9569,-0.00035675
9571,-0.00035648
9573,-0.00035621
9575,-0.00035595
9577,-0.00035568
9579,-0.00035541
9581,-0.00035514
9583,-0.00035487
9585,-0.0003546
9587,-0.00035433
9589,-0.00035407
9591,-0.0003538
9593,-0.00035353
9595,-0.00035327
9597,-0.000353
9599,-0.00035273
9601,-0.00035247
9603,-0.0003522
9605,-0.00035194
9607,-0.00035167
9609,-0.00035141
9611,-0.00035114
9613,-0.00035088
9615,-0.00035061
9617,-0.00035035
9619,-0.00035009
9621,-0.00034982
9623,-0.00034956
9625,-0.0003493
9627,-0.00034903
9629,-0.00034877
9631,-0.00034851
9633,-0.00034825
9635,-0.00034798
9637,-0.00034772
9639,-0.00034746
9641,-0.0003472
9643,-0.00034694
9645,-0.00034668
9647,-0.00034642
9649,-0.00034616
9651,-0.0003459
9653,-0.00034564
9655,-0.00034538
9657,-0.00034512
9659,-0.00034486
9661,-0.00034461
9663,-0.00034435
9665,-0.00034409
9667,-0.00034383
9669,-0.00034357
9671,-0.00034332
9673,-0.00034306
9675,-0.0003428
9677,-0.00034255
9679,-0.00034229
9681,-0.00034203
9683,-0.00034178
9685,-0.00034152
9687,-0.00034127
9689,-0.00034101
9691,-0.00034076
9693,-0.0003405
9695,-0.00034025
9697,-0.00034
9699,-0.00033974
9701,-0.00033949
9703,-0.00033924
9705,-0.00033898
9707,-0.00033873
9709,-0.00033848
9711,-0.00033822
9713,-0.00033797
9715,-0.00033772
9717,-0.00033747
9719,-0.00033722
9721,-0.00033697
9723,-0.00033672
9725,-0.00033646
9727,-0.00033621
9729,-0.00033596
9731,-0.00033571
9733,-0.00033546
9735,-0.00033521
9737,-0.00033497
9739,-0.00033472
9741,-0.00033447
9743,-0.00033422
9745,-0.00033397
9747,-0.00033372
9749,-0.00033347
9751,-0.00033323
9753,-0.00033298
9755,-0.00033273
9757,-0.00033249
9759,-0.00033224
9761,-0.00033199
9763,-0.00033175
9765,-0.0003315
9767,-0.00033125
9769,-0.00033101
9771,-0.00033076
9773,-0.00033052
9775,-0.00033027
9777,-0.00033003
9779,-0.00032978
9781,-0.00032954
9783,-0.0003293
9785,-0.00032905
9787,-0.00032881
9789,-0.00032857
9791,-0.00032832
9793,-0.00032808
9795,-0.00032784
9797,-0.00032759
9799,-0.00032735
9801,-0.00032711
9803,-0.00032687
9805,-0.00032663
9807,-0.00032639
9809,-0.00032615
9811,-0.0003259
9813,-0.00032566
9815,-0.00032542
9817,-0.00032518
9819,-0.00032494
9821,-0.0003247
9823,-0.00032446
9825,-0.00032423
9827,-0.00032399
9829,-0.00032375
9831,-0.00032351
9833,-0.00032327
9835,-0.00032303
9837,-0.00032279
9839,-0.00032256
9841,-0.00032232
9843,-0.00032208
9845,-0.00032185
9847,-0.00032161
9849,-0.00032137
9851,-0.00032114
9853,-0.0003209
9855,-0.00032066
9857,-0.00032043
9859,-0.00032019
9861,-0.00031996
9863,-0.00031972
9865,-0.00031949
9867,-0.00031925
9869,-0.00031902
9871,-0.00031878
9873,-0.00031855
9875,-0.00031832
9877,-0.00031808
9879,-0.00031785
9881,-0.00031762
9883,-0.00031738
9885,-0.00031715
9887,-0.00031692
9889,-0.00031669
9891,-0.00031645
9893,-0.00031622
9895,-0.00031599
9897,-0.00031576
9899,-0.00031553
9901,-0.0003153
9903,-0.00031507
9905,-0.00031484
9907,-0.00031461
9909,-0.00031437
9911,-0.00031415
9913,-0.00031392
9915,-0.00031369
9917,-0.00031346
9919,-0.00031323
9921,-0.000313
9923,-0.00031277
9925,-0.00031254
9927,-0.00031231
9929,-0.00031209
9931,-0.00031186
9933,-0.00031163
9935,-0.0003114
9937,-0.00031118
9939,-0.00031095
9941,-0.00031072
9943,-0.00031049
9945,-0.00031027
9947,-0.00031004
9949,-0.00030982
9951,-0.00030959
9953,-0.00030936
9955,-0.00030914
9957,-0.00030891
9959,-0.00030869
9961,-0.00030846
9963,-0.00030824
9965,-0.00030802
9967,-0.00030779
9969,-0.00030757
9971,-0.00030734
9973,-0.00030712
9975,-0.0003069
9977,-0.00030667
9979,-0.00030645
9981,-0.00030623
9983,-0.00030601
9985,-0.00030578
9987,-0.00030556
9989,-0.00030534
9991,-0.00030512
9993,-0.0003049
9995,-0.00030467
9997,-0.00030445
9999,-0.00030423
