1,-1.2247e-12
3,-1.1021e-11
5,-3.0618e-11
7,-6.001e-11
9,-9.9201e-11
11,-1.4819e-10
13,-2.0698e-10
15,-2.7557e-10
17,-3.5395e-10
19,-4.4214e-10
21,-5.4012e-10
23,-6.4791e-10
25,-7.655e-10
27,-8.9289e-10
29,-1.0301e-09
31,-1.1771e-09
33,-1.3339e-09
35,-1.5005e-09
37,-1.6769e-09
39,-1.8631e-09
41,-2.0591e-09
43,-2.265e-09
45,-2.4806e-09
47,-2.7061e-09
49,-2.9414e-09
51,-3.1864e-09
53,-3.4414e-09
55,-3.7061e-09
57,-3.9806e-09
59,-4.265e-09
61,-4.5592e-09
63,-4.8632e-09
65,-5.177e-09
67,-5.5007e-09
69,-5.8342e-09
71,-6.1775e-09
73,-6.5307e-09
75,-6.8936e-09
77,-7.2665e-09
79,-7.6491e-09
81,-8.0417e-09
83,-8.444e-09
85,-8.8562e-09
87,-9.2783e-09
89,-9.7102e-09
91,-1.0152e-08
93,-1.0604e-08
95,-1.1065e-08
97,-1.1536e-08
99,-1.2018e-08
101,-1.2509e-08
103,-1.301e-08
105,-1.352e-08
107,-1.4041e-08
109,-1.4572e-08
111,-1.5112e-08
113,-1.5662e-08
115,-1.6223e-08
117,-1.6793e-08
119,-1.7373e-08
121,-1.7963e-08
123,-1.8563e-08
125,-1.9172e-08
127,-1.9792e-08
129,-2.0422e-08
131,-2.1061e-08
133,-2.171e-08
135,-2.237e-08
137,-2.3039e-08
139,-2.3718e-08
141,-2.4407e-08
143,-2.5106e-08
145,-2.5815e-08
147,-2.6534e-08
149,-2.7263e-08
151,-2.8002e-08
153,-2.8751e-08
155,-2.951e-08
157,-3.0278e-08
159,-3.1057e-08
161,-3.1846e-08
163,-3.2644e-08
165,-3.3453e-08
167,-3.4272e-08
169,-3.51e-08
171,-3.5939e-08
173,-3.6788e-08
175,-3.7647e-08
177,-3.8515e-08
179,-3.9394e-08
181,-4.0283e-08
183,-4.1182e-08
185,-4.209e-08
187,-4.3009e-08
189,-4.3938e-08
191,-4.4877e-08
193,-4.5826e-08
195,-4.6785e-08
197,-4.7755e-08
199,-4.8734e-08
201,-4.9723e-08
203,-5.0723e-08
205,-5.1732e-08
207,-5.2752e-08
209,-5.3782e-08
211,-5.4821e-08
213,-5.5871e-08
215,-5.6931e-08
217,-5.8002e-08
219,-5.9082e-08
221,-6.0173e-08
223,-6.1273e-08
225,-6.2384e-08
227,-6.3505e-08
229,-6.4636e-08
231,-6.5778e-08
233,-6.6929e-08
235,-6.8091e-08
237,-6.9263e-08
239,-7.0445e-08
241,-7.1637e-08
243,-7.284e-08
245,-7.4052e-08
247,-7.5275e-08
249,-7.6509e-08
251,-7.7752e-08
253,-7.9006e-08
255,-8.027e-08
257,-8.1544e-08
259,-8.2829e-08
261,-8.4124e-08
263,-8.5429e-08
265,-8.6744e-08
267,-8.807e-08
269,-8.9406e-08
271,-9.0752e-08
273,-9.2109e-08
275,-9.3476e-08
277,-9.4853e-08
279,-9.6241e-08
281,-9.7639e-08
283,-9.9048e-08
285,-1.0047e-07
287,-1.019e-07
289,-1.0334e-07
291,-1.0479e-07
293,-1.0625e-07
295,-1.0772e-07
297,-1.092e-07
299,-1.1069e-07
301,-1.1219e-07
303,-1.1371e-07
305,-1.1523e-07
307,-1.1676e-07
309,-1.1831e-07
311,-1.1986e-07
313,-1.2143e-07
315,-1.23e-07
317,-1.2459e-07
319,-1.2618e-07
321,-1.2779e-07
323,-1.2941e-07
325,-1.3104e-07
327,-1.3268e-07
329,-1.3433e-07
331,-1.3599e-07
333,-1.3766e-07
335,-1.3934e-07
337,-1.4103e-07
339,-1.4273e-07
341,-1.4445e-07
343,-1.4617e-07
345,-1.479e-07
347,-1.4965e-07
349,-1.5141e-07
351,-1.5317e-07
353,-1.5495e-07
355,-1.5674e-07
357,-1.5854e-07
359,-1.6035e-07
361,-1.6217e-07
363,-1.64e-07
365,-1.6584e-07
367,-1.6769e-07
369,-1.6955e-07
371,-1.7143e-07
373,-1.7331e-07
375,-1.7521e-07
377,-1.7712e-07
379,-1.7903e-07
381,-1.8096e-07
383,-1.829e-07
385,-1.8485e-07
387,-1.8681e-07
389,-1.8878e-07
391,-1.9077e-07
393,-1.9276e-07
395,-1.9476e-07
397,-1.9678e-07
399,-1.9881e-07
401,-2.0084e-07
403,-2.0289e-07
405,-2.0495e-07
407,-2.0702e-07
409,-2.091e-07
411,-2.112e-07
413,-2.133e-07
415,-2.1542e-07
417,-2.1754e-07
419,-2.1968e-07
421,-2.2183e-07
423,-2.2399e-07
425,-2.2616e-07
427,-2.2834e-07
429,-2.3053e-07
431,-2.3273e-07
433,-2.3495e-07
435,-2.3717e-07
437,-2.3941e-07
439,-2.4166e-07
441,-2.4392e-07
443,-2.4619e-07
445,-2.4847e-07
447,-2.5077e-07
449,-2.5307e-07
451,-2.5539e-07
453,-2.5772e-07
455,-2.6005e-07
457,-2.624e-07
459,-2.6477e-07
461,-2.6714e-07
463,-2.6952e-07
465,-2.7192e-07
467,-2.7433e-07
469,-2.7675e-07
471,-2.7918e-07
473,-2.8162e-07
475,-2.8407e-07
477,-2.8653e-07
479,-2.8901e-07
481,-2.915e-07
483,-2.94e-07
485,-2.9651e-07
487,-2.9903e-07
489,-3.0156e-07
491,-3.0411e-07
493,-3.0667e-07
495,-3.0924e-07
497,-3.1182e-07
499,-3.1441e-07
501,-3.1701e-07
503,-3.1963e-07
505,-3.2225e-07
507,-3.2489e-07
509,-3.2754e-07
511,-3.3021e-07
513,-3.3288e-07
515,-3.3557e-07
517,-3.3826e-07
519,-3.4097e-07
521,-3.437e-07
523,-3.4643e-07
525,-3.4917e-07
527,-3.5193e-07
529,-3.547e-07
531,-3.5748e-07
533,-3.6027e-07
535,-3.6308e-07
537,-3.659e-07
539,-3.6873e-07
541,-3.7157e-07
543,-3.7442e-07
545,-3.7728e-07
547,-3.8016e-07
549,-3.8305e-07
551,-3.8595e-07
553,-3.8887e-07
555,-3.9179e-07
557,-3.9473e-07
559,-3.9768e-07
561,-4.0064e-07
563,-4.0362e-07
565,-4.066e-07
567,-4.096e-07
569,-4.1261e-07
571,-4.1564e-07
573,-4.1867e-07
575,-4.2172e-07
577,-4.2478e-07
579,-4.2785e-07
581,-4.3094e-07
583,-4.3404e-07
585,-4.3715e-07
587,-4.4027e-07
589,-4.434e-07
591,-4.4655e-07
593,-4.4971e-07
595,-4.5288e-07
597,-4.5607e-07
599,-4.5927e-07
601,-4.6248e-07
603,-4.657e-07
605,-4.6893e-07
607,-4.7218e-07
609,-4.7544e-07
611,-4.7872e-07
613,-4.82e-07
615,-4.853e-07
617,-4.8861e-07
619,-4.9194e-07
621,-4.9527e-07
623,-4.9862e-07
625,-5.0199e-07
627,-5.0536e-07
629,-5.0875e-07
631,-5.1215e-07
633,-5.1557e-07
635,-5.19e-07
637,-5.2244e-07
639,-5.2589e-07
641,-5.2936e-07
643,-5.3284e-07
645,-5.3633e-07
647,-5.3983e-07
649,-5.4335e-07
651,-5.4688e-07
653,-5.5043e-07
655,-5.5399e-07
657,-5.5756e-07
659,-5.6114e-07
661,-5.6474e-07
663,-5.6835e-07
665,-5.7198e-07
667,-5.7561e-07
669,-5.7926e-07
671,-5.8293e-07
673,-5.8661e-07
675,-5.903e-07
677,-5.94e-07
679,-5.9772e-07
681,-6.0145e-07
683,-6.052e-07
685,-6.0896e-07
687,-6.1273e-07
689,-6.1651e-07
691,-6.2031e-07
693,-6.2412e-07
695,-6.2795e-07
697,-6.3179e-07
699,-6.3565e-07
701,-6.3951e-07
703,-6.4339e-07
705,-6.4729e-07
707,-6.512e-07
709,-6.5512e-07
711,-6.5906e-07
713,-6.6301e-07
715,-6.6697e-07
717,-6.7095e-07
719,-6.7494e-07
721,-6.7895e-07
723,-6.8297e-07
725,-6.87e-07
727,-6.9105e-07
729,-6.9511e-07
731,-6.9919e-07
733,-7.0328e-07
735,-7.0739e-07
737,-7.115e-07
739,-7.1564e-07
741,-7.1978e-07
743,-7.2395e-07
745,-7.2812e-07
747,-7.3231e-07
749,-7.3652e-07
751,-7.4074e-07
753,-7.4497e-07
755,-7.4922e-07
757,-7.5348e-07
759,-7.5776e-07
761,-7.6205e-07
763,-7.6635e-07
765,-7.7067e-07
767,-7.7501e-07
769,-7.7936e-07
771,-7.8372e-07
773,-7.881e-07
775,-7.925e-07
777,-7.9691e-07
779,-8.0133e-07
781,-8.0577e-07
783,-8.1022e-07
785,-8.1469e-07
787,-8.1917e-07
789,-8.2367e-07
791,-8.2818e-07
793,-8.3271e-07
795,-8.3725e-07
797,-8.4181e-07
799,-8.4638e-07
801,-8.5097e-07
803,-8.5557e-07
805,-8.6019e-07
807,-8.6482e-07
809,-8.6947e-07
811,-8.7414e-07
813,-8.7882e-07
815,-8.8351e-07
817,-8.8822e-07
819,-8.9295e-07
821,-8.9769e-07
823,-9.0244e-07
825,-9.0722e-07
827,-9.12e-07
829,-9.1681e-07
831,-9.2162e-07
833,-9.2646e-07
835,-9.3131e-07
837,-9.3617e-07
839,-9.4105e-07
841,-9.4595e-07
843,-9.5086e-07
845,-9.5579e-07
847,-9.6074e-07
849,-9.657e-07
851,-9.7067e-07
853,-9.7566e-07
855,-9.8067e-07
857,-9.857e-07
859,-9.9074e-07
861,-9.9579e-07
863,-1.0009e-06
865,-1.006e-06
867,-1.0111e-06
869,-1.0162e-06
871,-1.0213e-06
873,-1.0265e-06
875,-1.0316e-06
877,-1.0368e-06
879,-1.042e-06
881,-1.0472e-06
883,-1.0525e-06
885,-1.0577e-06
887,-1.063e-06
889,-1.0683e-06
891,-1.0736e-06
893,-1.0789e-06
895,-1.0842e-06
897,-1.0896e-06
899,-1.095e-06
901,-1.1004e-06
903,-1.1058e-06
905,-1.1112e-06
907,-1.1166e-06
909,-1.1221e-06
911,-1.1275e-06
913,-1.133e-06
915,-1.1385e-06
917,-1.144e-06
919,-1.1496e-06
921,-1.1551e-06
923,-1.1607e-06
925,-1.1663e-06
927,-1.1719e-06
929,-1.1775e-06
931,-1.1832e-06
933,-1.1888e-06
935,-1.1945e-06
937,-1.2002e-06
939,-1.2059e-06
941,-1.2117e-06
943,-1.2174e-06
945,-1.2232e-06
947,-1.2289e-06
949,-1.2348e-06
951,-1.2406e-06
953,-1.2464e-06
955,-1.2523e-06
957,-1.2581e-06
959,-1.264e-06
961,-1.2699e-06
963,-1.2759e-06
965,-1.2818e-06
967,-1.2878e-06
969,-1.2937e-06
971,-1.2997e-06
973,-1.3058e-06
975,-1.3118e-06
977,-1.3178e-06
979,-1.3239e-06
981,-1.33e-06
983,-1.3361e-06
985,-1.3422e-06
987,-1.3484e-06
989,-1.3546e-06
991,-1.3607e-06
993,-1.3669e-06
995,-1.3732e-06
997,-1.3794e-06
999,-1.3857e-06
1001,-1.3919e-06
1003,-1.3982e-06
1005,-1.4046e-06
1007,-1.4109e-06
1009,-1.4172e-06
1011,-1.4236e-06
1013,-1.43e-06
1015,-1.4364e-06
1017,-1.4428e-06
1019,-1.4493e-06
1021,-1.4558e-06
1023,-1.4623e-06
1025,-1.4688e-06
1027,-1.4753e-06
1029,-1.4818e-06
1031,-1.4884e-06
1033,-1.495e-06
1035,-1.5016e-06
1037,-1.5082e-06
1039,-1.5149e-06
1041,-1.5215e-06
1043,-1.5282e-06
1045,-1.5349e-06
1047,-1.5416e-06
1049,-1.5484e-06
1051,-1.5551e-06
1053,-1.5619e-06
1055,-1.5687e-06
1057,-1.5756e-06
1059,-1.5824e-06
1061,-1.5893e-06
1063,-1.5962e-06
1065,-1.6031e-06
1067,-1.61e-06
1069,-1.6169e-06
1071,-1.6239e-06
1073,-1.6309e-06
1075,-1.6379e-06
1077,-1.6449e-06
1079,-1.652e-06
1081,-1.6591e-06
1083,-1.6662e-06
1085,-1.6733e-06
1087,-1.6804e-06
1089,-1.6876e-06
1091,-1.6947e-06
1093,-1.7019e-06
1095,-1.7092e-06
1097,-1.7164e-06
1099,-1.7237e-06
1101,-1.7309e-06
1103,-1.7382e-06
1105,-1.7456e-06
1107,-1.7529e-06
1109,-1.7603e-06
1111,-1.7677e-06
1113,-1.7751e-06
1115,-1.7825e-06
1117,-1.79e-06
1119,-1.7975e-06
1121,-1.805e-06
1123,-1.8125e-06
1125,-1.82e-06
1127,-1.8276e-06
1129,-1.8352e-06
1131,-1.8428e-06
1133,-1.8504e-06
1135,-1.8581e-06
1137,-1.8658e-06
1139,-1.8735e-06
1141,-1.8812e-06
1143,-1.8889e-06
1145,-1.8967e-06
1147,-1.9045e-06
1149,-1.9123e-06
1151,-1.9201e-06
1153,-1.928e-06
1155,-1.9359e-06
1157,-1.9438e-06
1159,-1.9517e-06
1161,-1.9597e-06
1163,-1.9676e-06
1165,-1.9756e-06
1167,-1.9837e-06
1169,-1.9917e-06
1171,-1.9998e-06
1173,-2.0079e-06
1175,-2.016e-06
1177,-2.0241e-06
1179,-2.0323e-06
1181,-2.0405e-06
1183,-2.0487e-06
1185,-2.0569e-06
1187,-2.0652e-06
1189,-2.0735e-06
1191,-2.0818e-06
1193,-2.0901e-06
1195,-2.0985e-06
1197,-2.1068e-06
1199,-2.1152e-06
1201,-2.1237e-06
1203,-2.1321e-06
1205,-2.1406e-06
1207,-2.1491e-06
1209,-2.1576e-06
1211,-2.1662e-06
1213,-2.1748e-06
1215,-2.1834e-06
1217,-2.192e-06
1219,-2.2006e-06
1221,-2.2093e-06
1223,-2.218e-06
1225,-2.2267e-06
1227,-2.2355e-06
1229,-2.2443e-06
1231,-2.2531e-06
1233,-2.2619e-06
1235,-2.2708e-06
1237,-2.2796e-06
1239,-2.2885e-06
1241,-2.2975e-06
1243,-2.3064e-06
1245,-2.3154e-06
1247,-2.3244e-06
1249,-2.3335e-06
1251,-2.3425e-06
1253,-2.3516e-06
1255,-2.3607e-06
1257,-2.3699e-06
1259,-2.379e-06
1261,-2.3882e-06
1263,-2.3974e-06
1265,-2.4067e-06
1267,-2.416e-06
1269,-2.4253e-06
1271,-2.4346e-06
1273,-2.444e-06
1275,-2.4533e-06
1277,-2.4627e-06
1279,-2.4722e-06
1281,-2.4816e-06
1283,-2.4911e-06
1285,-2.5007e-06
1287,-2.5102e-06
1289,-2.5198e-06
1291,-2.5294e-06
1293,-2.539e-06
1295,-2.5487e-06
1297,-2.5584e-06
1299,-2.5681e-06
1301,-2.5778e-06
1303,-2.5876e-06
1305,-2.5974e-06
1307,-2.6072e-06
1309,-2.6171e-06
1311,-2.6269e-06
1313,-2.6369e-06
1315,-2.6468e-06
1317,-2.6568e-06
1319,-2.6668e-06
1321,-2.6768e-06
1323,-2.6869e-06
1325,-2.6969e-06
1327,-2.7071e-06
1329,-2.7172e-06
1331,-2.7274e-06
1333,-2.7376e-06
1335,-2.7478e-06
1337,-2.7581e-06
1339,-2.7684e-06
1341,-2.7787e-06
1343,-2.789e-06
1345,-2.7994e-06
1347,-2.8098e-06
1349,-2.8203e-06
1351,-2.8308e-06
1353,-2.8413e-06
1355,-2.8518e-06
1357,-2.8624e-06
1359,-2.873e-06
1361,-2.8836e-06
1363,-2.8942e-06
1365,-2.9049e-06
1367,-2.9156e-06
1369,-2.9264e-06
1371,-2.9372e-06
1373,-2.948e-06
1375,-2.9588e-06
1377,-2.9697e-06
1379,-2.9806e-06
1381,-2.9916e-06
1383,-3.0025e-06
1385,-3.0135e-06
1387,-3.0246e-06
1389,-3.0356e-06
1391,-3.0467e-06
1393,-3.0579e-06
1395,-3.069e-06
1397,-3.0802e-06
1399,-3.0914e-06
1401,-3.1027e-06
1403,-3.114e-06
1405,-3.1253e-06
1407,-3.1367e-06
1409,-3.1481e-06
1411,-3.1595e-06
1413,-3.171e-06
1415,-3.1825e-06
1417,-3.194e-06
1419,-3.2055e-06
1421,-3.2171e-06
1423,-3.2288e-06
1425,-3.2404e-06
1427,-3.2521e-06
1429,-3.2639e-06
1431,-3.2756e-06
1433,-3.2874e-06
1435,-3.2993e-06
1437,-3.3111e-06
1439,-3.323e-06
1441,-3.335e-06
1443,-3.3469e-06
1445,-3.3589e-06
1447,-3.371e-06
1449,-3.3831e-06
1451,-3.3952e-06
1453,-3.4073e-06
1455,-3.4195e-06
1457,-3.4317e-06
1459,-3.444e-06
1461,-3.4563e-06
1463,-3.4686e-06
1465,-3.481e-06
1467,-3.4934e-06
1469,-3.5058e-06
1471,-3.5183e-06
1473,-3.5308e-06
1475,-3.5433e-06
1477,-3.5559e-06
1479,-3.5685e-06
1481,-3.5812e-06
1483,-3.5939e-06
1485,-3.6066e-06
1487,-3.6194e-06
1489,-3.6322e-06
1491,-3.645e-06
1493,-3.6579e-06
1495,-3.6708e-06
1497,-3.6838e-06
1499,-3.6968e-06
1501,-3.7098e-06
1503,-3.7229e-06
1505,-3.736e-06
1507,-3.7491e-06
1509,-3.7623e-06
1511,-3.7755e-06
1513,-3.7888e-06
1515,-3.8021e-06
1517,-3.8154e-06
1519,-3.8288e-06
1521,-3.8423e-06
1523,-3.8557e-06
1525,-3.8692e-06
1527,-3.8828e-06
1529,-3.8963e-06
1531,-3.91e-06
1533,-3.9236e-06
1535,-3.9373e-06
1537,-3.9511e-06
1539,-3.9649e-06
1541,-3.9787e-06
1543,-3.9925e-06
1545,-4.0065e-06
1547,-4.0204e-06
1549,-4.0344e-06
1551,-4.0484e-06
1553,-4.0625e-06
1555,-4.0766e-06
1557,-4.0908e-06
1559,-4.105e-06
1561,-4.1192e-06
1563,-4.1335e-06
1565,-4.1478e-06
1567,-4.1622e-06
1569,-4.1766e-06
1571,-4.191e-06
1573,-4.2055e-06
1575,-4.2201e-06
1577,-4.2347e-06
1579,-4.2493e-06
1581,-4.264e-06
1583,-4.2787e-06
1585,-4.2934e-06
1587,-4.3082e-06
1589,-4.3231e-06
1591,-4.338e-06
1593,-4.3529e-06
1595,-4.3679e-06
1597,-4.3829e-06
1599,-4.398e-06
1601,-4.4131e-06
1603,-4.4283e-06
1605,-4.4435e-06
1607,-4.4587e-06
1609,-4.474e-06
1611,-4.4894e-06
1613,-4.5048e-06
1615,-4.5202e-06
1617,-4.5357e-06
1619,-4.5512e-06
1621,-4.5668e-06
1623,-4.5824e-06
1625,-4.5981e-06
1627,-4.6138e-06
1629,-4.6295e-06
1631,-4.6454e-06
1633,-4.6612e-06
1635,-4.6771e-06
1637,-4.6931e-06
1639,-4.7091e-06
1641,-4.7251e-06
1643,-4.7412e-06
1645,-4.7574e-06
1647,-4.7736e-06
1649,-4.7898e-06
1651,-4.8061e-06
1653,-4.8225e-06
1655,-4.8389e-06
1657,-4.8553e-06
1659,-4.8718e-06
1661,-4.8883e-06
1663,-4.9049e-06
1665,-4.9216e-06
1667,-4.9383e-06
1669,-4.955e-06
1671,-4.9718e-06
1673,-4.9887e-06
1675,-5.0056e-06
1677,-5.0225e-06
1679,-5.0395e-06
1681,-5.0566e-06
1683,-5.0737e-06
1685,-5.0908e-06
1687,-5.108e-06
1689,-5.1253e-06
1691,-5.1426e-06
1693,-5.16e-06
1695,-5.1774e-06
1697,-5.1949e-06
1699,-5.2124e-06
1701,-5.23e-06
1703,-5.2476e-06
1705,-5.2653e-06
1707,-5.2831e-06
1709,-5.3009e-06
1711,-5.3187e-06
1713,-5.3366e-06
1715,-5.3546e-06
1717,-5.3726e-06
1719,-5.3907e-06
1721,-5.4088e-06
1723,-5.427e-06
1725,-5.4452e-06
1727,-5.4635e-06
1729,-5.4819e-06
1731,-5.5003e-06
1733,-5.5188e-06
1735,-5.5373e-06
1737,-5.5559e-06
1739,-5.5745e-06
1741,-5.5932e-06
1743,-5.612e-06
1745,-5.6308e-06
1747,-5.6497e-06
1749,-5.6686e-06
1751,-5.6876e-06
1753,-5.7066e-06
1755,-5.7257e-06
1757,-5.7449e-06
1759,-5.7641e-06
1761,-5.7834e-06
1763,-5.8028e-06
1765,-5.8222e-06
1767,-5.8416e-06
1769,-5.8612e-06
1771,-5.8808e-06
1773,-5.9004e-06
1775,-5.9201e-06
1777,-5.9399e-06
1779,-5.9597e-06
1781,-5.9796e-06
1783,-5.9996e-06
1785,-6.0196e-06
1787,-6.0397e-06
1789,-6.0598e-06
1791,-6.0801e-06
1793,-6.1003e-06
1795,-6.1207e-06
1797,-6.1411e-06
1799,-6.1615e-06
1801,-6.1821e-06
1803,-6.2027e-06
1805,-6.2233e-06
1807,-6.2441e-06
1809,-6.2648e-06
1811,-6.2857e-06
1813,-6.3066e-06
1815,-6.3276e-06
1817,-6.3487e-06
1819,-6.3698e-06
1821,-6.391e-06
1823,-6.4122e-06
1825,-6.4336e-06
1827,-6.455e-06
1829,-6.4764e-06
1831,-6.4979e-06
1833,-6.5195e-06
1835,-6.5412e-06
1837,-6.5629e-06
1839,-6.5847e-06
1841,-6.6066e-06
1843,-6.6285e-06
1845,-6.6506e-06
1847,-6.6726e-06
1849,-6.6948e-06
1851,-6.717e-06
1853,-6.7393e-06
1855,-6.7617e-06
1857,-6.7841e-06
1859,-6.8066e-06
1861,-6.8292e-06
1863,-6.8519e-06
1865,-6.8746e-06
1867,-6.8974e-06
1869,-6.9203e-06
1871,-6.9432e-06
1873,-6.9662e-06
1875,-6.9893e-06
1877,-7.0125e-06
1879,-7.0357e-06
1881,-7.0591e-06
1883,-7.0825e-06
1885,-7.1059e-06
1887,-7.1295e-06
1889,-7.1531e-06
1891,-7.1768e-06
1893,-7.2006e-06
1895,-7.2244e-06
1897,-7.2484e-06
1899,-7.2724e-06
1901,-7.2964e-06
1903,-7.3206e-06
1905,-7.3449e-06
1907,-7.3692e-06
1909,-7.3936e-06
1911,-7.4181e-06
1913,-7.4426e-06
1915,-7.4673e-06
1917,-7.492e-06
1919,-7.5168e-06
1921,-7.5417e-06
1923,-7.5666e-06
1925,-7.5917e-06
1927,-7.6168e-06
1929,-7.642e-06
1931,-7.6673e-06
1933,-7.6927e-06
1935,-7.7182e-06
1937,-7.7437e-06
1939,-7.7693e-06
1941,-7.795e-06
1943,-7.8208e-06
1945,-7.8467e-06
1947,-7.8727e-06
1949,-7.8987e-06
1951,-7.9249e-06
1953,-7.9511e-06
1955,-7.9774e-06
1957,-8.0038e-06
1959,-8.0303e-06
1961,-8.0569e-06
1963,-8.0836e-06
1965,-8.1103e-06
1967,-8.1372e-06
1969,-8.1641e-06
1971,-8.1911e-06
1973,-8.2182e-06
1975,-8.2454e-06
1977,-8.2727e-06
1979,-8.3001e-06
1981,-8.3276e-06
1983,-8.3552e-06
1985,-8.3828e-06
1987,-8.4106e-06
1989,-8.4384e-06
1991,-8.4664e-06
1993,-8.4944e-06
1995,-8.5225e-06
1997,-8.5507e-06
1999,-8.5791e-06
2001,-8.6075e-06
2003,-8.636e-06
2005,-8.6646e-06
2007,-8.6933e-06
2009,-8.7221e-06
2011,-8.751e-06
2013,-8.78e-06
2015,-8.8091e-06
2017,-8.8383e-06
2019,-8.8675e-06
2021,-8.8969e-06
2023,-8.9264e-06
2025,-8.956e-06
2027,-8.9857e-06
2029,-9.0155e-06
2031,-9.0454e-06
2033,-9.0754e-06
2035,-9.1055e-06
2037,-9.1357e-06
2039,-9.166e-06
2041,-9.1964e-06
2043,-9.2269e-06
2045,-9.2575e-06
2047,-9.2882e-06
2049,-9.3191e-06
2051,-9.35e-06
2053,-9.381e-06
2055,-9.4122e-06
2057,-9.4434e-06
2059,-9.4748e-06
2061,-9.5063e-06
2063,-9.5378e-06
2065,-9.5695e-06
2067,-9.6013e-06
2069,-9.6332e-06
2071,-9.6653e-06
2073,-9.6974e-06
2075,-9.7296e-06
2077,-9.762e-06
2079,-9.7944e-06
2081,-9.827e-06
2083,-9.8597e-06
2085,-9.8925e-06
2087,-9.9254e-06
2089,-9.9585e-06
2091,-9.9916e-06
2093,-1.0025e-05
2095,-1.0058e-05
2097,-1.0092e-05
2099,-1.0125e-05
2101,-1.0159e-05
2103,-1.0193e-05
2105,-1.0227e-05
2107,-1.0261e-05
2109,-1.0295e-05
2111,-1.033e-05
2113,-1.0364e-05
2115,-1.0399e-05
2117,-1.0433e-05
2119,-1.0468e-05
2121,-1.0503e-05
2123,-1.0538e-05
2125,-1.0573e-05
2127,-1.0609e-05
2129,-1.0644e-05
2131,-1.068e-05
2133,-1.0715e-05
2135,-1.0751e-05
2137,-1.0787e-05
2139,-1.0823e-05
2141,-1.0859e-05
2143,-1.0896e-05
2145,-1.0932e-05
2147,-1.0969e-05
2149,-1.1005e-05
2151,-1.1042e-05
2153,-1.1079e-05
2155,-1.1116e-05
2157,-1.1154e-05
2159,-1.1191e-05
2161,-1.1229e-05
2163,-1.1266e-05
2165,-1.1304e-05
2167,-1.1342e-05
2169,-1.138e-05
2171,-1.1418e-05
2173,-1.1457e-05
2175,-1.1495e-05
2177,-1.1534e-05
2179,-1.1572e-05
2181,-1.1611e-05
2183,-1.165e-05
2185,-1.169e-05
2187,-1.1729e-05
2189,-1.1768e-05
2191,-1.1808e-05
2193,-1.1848e-05
2195,-1.1888e-05
2197,-1.1928e-05
2199,-1.1968e-05
2201,-1.2008e-05
2203,-1.2049e-05
2205,-1.2089e-05
2207,-1.213e-05
2209,-1.2171e-05
2211,-1.2212e-05
2213,-1.2253e-05
2215,-1.2295e-05
2217,-1.2336e-05
2219,-1.2378e-05
2221,-1.242e-05
2223,-1.2462e-05
2225,-1.2504e-05
2227,-1.2547e-05
2229,-1.2589e-05
2231,-1.2632e-05
2233,-1.2674e-05
2235,-1.2717e-05
2237,-1.2761e-05
2239,-1.2804e-05
2241,-1.2847e-05
2243,-1.2891e-05
2245,-1.2935e-05
2247,-1.2979e-05
2249,-1.3023e-05
2251,-1.3067e-05
2253,-1.3111e-05
2255,-1.3156e-05
2257,-1.3201e-05
2259,-1.3246e-05
2261,-1.3291e-05
2263,-1.3336e-05
2265,-1.3381e-05
2267,-1.3427e-05
2269,-1.3473e-05
2271,-1.3519e-05
2273,-1.3565e-05
2275,-1.3611e-05
2277,-1.3658e-05
2279,-1.3704e-05
2281,-1.3751e-05
2283,-1.3798e-05
2285,-1.3845e-05
2287,-1.3893e-05
2289,-1.394e-05
2291,-1.3988e-05
2293,-1.4036e-05
2295,-1.4084e-05
2297,-1.4133e-05
2299,-1.4181e-05
2301,-1.423e-05
2303,-1.4279e-05
2305,-1.4328e-05
2307,-1.4377e-05
2309,-1.4426e-05
2311,-1.4476e-05
2313,-1.4526e-05
2315,-1.4576e-05
2317,-1.4626e-05
2319,-1.4676e-05
2321,-1.4727e-05
2323,-1.4778e-05
2325,-1.4829e-05
2327,-1.488e-05
2329,-1.4931e-05
2331,-1.4983e-05
2333,-1.5035e-05
2335,-1.5087e-05
2337,-1.5139e-05
2339,-1.5191e-05
2341,-1.5244e-05
2343,-1.5296e-05
2345,-1.535e-05
2347,-1.5403e-05
2349,-1.5456e-05
2351,-1.551e-05
2353,-1.5564e-05
2355,-1.5618e-05
2357,-1.5672e-05
2359,-1.5727e-05
2361,-1.5781e-05
2363,-1.5836e-05
2365,-1.5891e-05
2367,-1.5947e-05
2369,-1.6002e-05
2371,-1.6058e-05
2373,-1.6114e-05
2375,-1.617e-05
2377,-1.6227e-05
2379,-1.6284e-05
2381,-1.6341e-05
2383,-1.6398e-05
2385,-1.6455e-05
2387,-1.6513e-05
2389,-1.6571e-05
2391,-1.6629e-05
2393,-1.6687e-05
2395,-1.6746e-05
2397,-1.6804e-05
2399,-1.6863e-05
2401,-1.6923e-05
2403,-1.6982e-05
2405,-1.7042e-05
2407,-1.7102e-05
2409,-1.7162e-05
2411,-1.7223e-05
2413,-1.7284e-05
2415,-1.7345e-05
2417,-1.7406e-05
2419,-1.7467e-05
2421,-1.7529e-05
2423,-1.7591e-05
2425,-1.7653e-05
2427,-1.7716e-05
2429,-1.7779e-05
2431,-1.7842e-05
2433,-1.7905e-05
2435,-1.7968e-05
2437,-1.8032e-05
2439,-1.8096e-05
2441,-1.8161e-05
2443,-1.8225e-05
2445,-1.829e-05
2447,-1.8355e-05
2449,-1.8421e-05
2451,-1.8486e-05
2453,-1.8552e-05
2455,-1.8619e-05
2457,-1.8685e-05
2459,-1.8752e-05
2461,-1.8819e-05
2463,-1.8886e-05
2465,-1.8954e-05
2467,-1.9022e-05
2469,-1.909e-05
2471,-1.9159e-05
2473,-1.9228e-05
2475,-1.9297e-05
2477,-1.9366e-05
2479,-1.9436e-05
2481,-1.9506e-05
2483,-1.9576e-05
2485,-1.9646e-05
2487,-1.9717e-05
2489,-1.9789e-05
2491,-1.986e-05
2493,-1.9932e-05
2495,-2.0004e-05
2497,-2.0076e-05
2499,-2.0149e-05
2501,-2.0222e-05
2503,-2.0295e-05
2505,-2.0369e-05
2507,-2.0443e-05
2509,-2.0517e-05
2511,-2.0592e-05
2513,-2.0667e-05
2515,-2.0742e-05
2517,-2.0818e-05
2519,-2.0894e-05
2521,-2.097e-05
2523,-2.1046e-05
2525,-2.1123e-05
2527,-2.12e-05
2529,-2.1278e-05
2531,-2.1356e-05
2533,-2.1434e-05
2535,-2.1513e-05
2537,-2.1592e-05
2539,-2.1671e-05
2541,-2.1751e-05
2543,-2.1831e-05
2545,-2.1911e-05
2547,-2.1992e-05
2549,-2.2073e-05
2551,-2.2154e-05
2553,-2.2236e-05
2555,-2.2318e-05
2557,-2.2401e-05
2559,-2.2484e-05
2561,-2.2567e-05
2563,-2.265e-05
2565,-2.2734e-05
2567,-2.2819e-05
2569,-2.2904e-05
2571,-2.2989e-05
2573,-2.3074e-05
2575,-2.316e-05
2577,-2.3246e-05
2579,-2.3333e-05
2581,-2.342e-05
2583,-2.3508e-05
2585,-2.3595e-05
2587,-2.3684e-05
2589,-2.3772e-05
2591,-2.3861e-05
2593,-2.3951e-05
2595,-2.4041e-05
2597,-2.4131e-05
2599,-2.4222e-05
2601,-2.4313e-05
2603,-2.4404e-05
2605,-2.4496e-05
2607,-2.4589e-05
2609,-2.4682e-05
2611,-2.4775e-05
2613,-2.4868e-05
2615,-2.4962e-05
2617,-2.5057e-05
2619,-2.5152e-05
2621,-2.5247e-05
2623,-2.5343e-05
2625,-2.5439e-05
2627,-2.5536e-05
2629,-2.5633e-05
2631,-2.5731e-05
2633,-2.5829e-05
2635,-2.5928e-05
2637,-2.6027e-05
2639,-2.6126e-05
2641,-2.6226e-05
2643,-2.6326e-05
2645,-2.6427e-05
2647,-2.6529e-05
2649,-2.6631e-05
2651,-2.6733e-05
2653,-2.6836e-05
2655,-2.6939e-05
2657,-2.7043e-05
2659,-2.7147e-05
2661,-2.7252e-05
2663,-2.7357e-05
2665,-2.7463e-05
2667,-2.7569e-05
2669,-2.7676e-05
2671,-2.7783e-05
2673,-2.7891e-05
2675,-2.7999e-05
2677,-2.8108e-05
2679,-2.8218e-05
2681,-2.8328e-05
2683,-2.8438e-05
2685,-2.8549e-05
2687,-2.8661e-05
2689,-2.8773e-05
2691,-2.8885e-05
2693,-2.8998e-05
2695,-2.9112e-05
2697,-2.9226e-05
2699,-2.9341e-05
2701,-2.9457e-05
2703,-2.9573e-05
2705,-2.9689e-05
2707,-2.9806e-05
2709,-2.9924e-05
2711,-3.0042e-05
2713,-3.0161e-05
2715,-3.028e-05
2717,-3.04e-05
2719,-3.0521e-05
2721,-3.0642e-05
2723,-3.0764e-05
2725,-3.0886e-05
2727,-3.1009e-05
2729,-3.1133e-05
2731,-3.1257e-05
2733,-3.1382e-05
2735,-3.1508e-05
2737,-3.1634e-05
2739,-3.1761e-05
2741,-3.1888e-05
2743,-3.2016e-05
2745,-3.2145e-05
2747,-3.2274e-05
2749,-3.2404e-05
2751,-3.2535e-05
2753,-3.2666e-05
2755,-3.2798e-05
2757,-3.2931e-05
2759,-3.3064e-05
2761,-3.3198e-05
2763,-3.3333e-05
2765,-3.3469e-05
2767,-3.3605e-05
2769,-3.3741e-05
2771,-3.3879e-05
2773,-3.4017e-05
2775,-3.4156e-05
2777,-3.4296e-05
2779,-3.4436e-05
2781,-3.4577e-05
2783,-3.4719e-05
2785,-3.4862e-05
2787,-3.5005e-05
2789,-3.5149e-05
2791,-3.5294e-05
2793,-3.544e-05
2795,-3.5586e-05
2797,-3.5733e-05
2799,-3.5881e-05
2801,-3.603e-05
2803,-3.6179e-05
2805,-3.633e-05
2807,-3.6481e-05
2809,-3.6633e-05
2811,-3.6785e-05
2813,-3.6939e-05
2815,-3.7093e-05
2817,-3.7248e-05
2819,-3.7404e-05
2821,-3.7561e-05
2823,-3.7719e-05
2825,-3.7877e-05
2827,-3.8036e-05
2829,-3.8197e-05
2831,-3.8358e-05
2833,-3.852e-05
2835,-3.8683e-05
2837,-3.8846e-05
2839,-3.9011e-05
2841,-3.9176e-05
2843,-3.9343e-05
2845,-3.951e-05
2847,-3.9678e-05
2849,-3.9847e-05
2851,-4.0018e-05
2853,-4.0189e-05
2855,-4.036e-05
2857,-4.0533e-05
2859,-4.0707e-05
2861,-4.0882e-05
2863,-4.1058e-05
2865,-4.1235e-05
2867,-4.1412e-05
2869,-4.1591e-05
2871,-4.1771e-05
2873,-4.1952e-05
2875,-4.2133e-05
2877,-4.2316e-05
2879,-4.25e-05
2881,-4.2685e-05
2883,-4.2871e-05
2885,-4.3058e-05
2887,-4.3246e-05
2889,-4.3435e-05
2891,-4.3625e-05
2893,-4.3816e-05
2895,-4.4008e-05
2897,-4.4202e-05
2899,-4.4396e-05
2901,-4.4592e-05
2903,-4.4789e-05
2905,-4.4986e-05
2907,-4.5185e-05
2909,-4.5386e-05
2911,-4.5587e-05
2913,-4.5789e-05
2915,-4.5993e-05
2917,-4.6198e-05
2919,-4.6404e-05
2921,-4.6611e-05
2923,-4.682e-05
2925,-4.7029e-05
2927,-4.724e-05
2929,-4.7452e-05
2931,-4.7666e-05
2933,-4.788e-05
2935,-4.8096e-05
2937,-4.8313e-05
2939,-4.8532e-05
2941,-4.8752e-05
2943,-4.8973e-05
2945,-4.9195e-05
2947,-4.9419e-05
2949,-4.9644e-05
2951,-4.987e-05
2953,-5.0098e-05
2955,-5.0327e-05
2957,-5.0557e-05
2959,-5.0789e-05
2961,-5.1023e-05
2963,-5.1257e-05
2965,-5.1493e-05
2967,-5.1731e-05
2969,-5.197e-05
2971,-5.221e-05
2973,-5.2452e-05
2975,-5.2696e-05
2977,-5.2941e-05
2979,-5.3187e-05
2981,-5.3435e-05
2983,-5.3684e-05
2985,-5.3935e-05
2987,-5.4188e-05
2989,-5.4442e-05
2991,-5.4698e-05
2993,-5.4955e-05
2995,-5.5214e-05
2997,-5.5474e-05
2999,-5.5736e-05
3001,-5.6e-05
3003,-5.6265e-05
3005,-5.6533e-05
3007,-5.6801e-05
3009,-5.7072e-05
3011,-5.7344e-05
3013,-5.7618e-05
3015,-5.7893e-05
3017,-5.8171e-05
3019,-5.845e-05
3021,-5.8731e-05
3023,-5.9014e-05
3025,-5.9298e-05
3027,-5.9585e-05
3029,-5.9873e-05
3031,-6.0163e-05
3033,-6.0455e-05
3035,-6.0749e-05
3037,-6.1045e-05
3039,-6.1342e-05
3041,-6.1642e-05
3043,-6.1944e-05
3045,-6.2247e-05
3047,-6.2553e-05
3049,-6.286e-05
3051,-6.317e-05
3053,-6.3482e-05
3055,-6.3795e-05
3057,-6.4111e-05
3059,-6.4429e-05
3061,-6.4749e-05
3063,-6.5071e-05
3065,-6.5395e-05
3067,-6.5722e-05
3069,-6.605e-05
3071,-6.6381e-05
3073,-6.6714e-05
3075,-6.705e-05
3077,-6.7387e-05
3079,-6.7727e-05
3081,-6.8069e-05
3083,-6.8414e-05
3085,-6.8761e-05
3087,-6.911e-05
3089,-6.9461e-05
3091,-6.9815e-05
3093,-7.0172e-05
3095,-7.0531e-05
3097,-7.0892e-05
3099,-7.1256e-05
3101,-7.1622e-05
3103,-7.1991e-05
3105,-7.2363e-05
3107,-7.2737e-05
3109,-7.3114e-05
3111,-7.3493e-05
3113,-7.3875e-05
3115,-7.426e-05
3117,-7.4647e-05
3119,-7.5038e-05
3121,-7.5431e-05
3123,-7.5826e-05
3125,-7.6225e-05
3127,-7.6626e-05
3129,-7.7031e-05
3131,-7.7438e-05
3133,-7.7848e-05
3135,-7.8261e-05
3137,-7.8677e-05
3139,-7.9096e-05
3141,-7.9518e-05
3143,-7.9943e-05
3145,-8.0371e-05
3147,-8.0803e-05
3149,-8.1237e-05
3151,-8.1675e-05
3153,-8.2116e-05
3155,-8.256e-05
3157,-8.3007e-05
3159,-8.3458e-05
3161,-8.3912e-05
3163,-8.437e-05
3165,-8.483e-05
3167,-8.5295e-05
3169,-8.5762e-05
3171,-8.6234e-05
3173,-8.6708e-05
3175,-8.7187e-05
3177,-8.7669e-05
3179,-8.8154e-05
3181,-8.8644e-05
3183,-8.9137e-05
3185,-8.9634e-05
3187,-9.0134e-05
3189,-9.0639e-05
3191,-9.1147e-05
3193,-9.1659e-05
3195,-9.2175e-05
3197,-9.2695e-05
3199,-9.322e-05
3201,-9.3748e-05
3203,-9.428e-05
3205,-9.4817e-05
3207,-9.5357e-05
3209,-9.5902e-05
3211,-9.6452e-05
3213,-9.7005e-05
3215,-9.7563e-05
3217,-9.8125e-05
3219,-9.8692e-05
3221,-9.9264e-05
3223,-9.984e-05
3225,-0.00010042
3227,-0.00010101
3229,-0.0001016
3231,-0.00010219
3233,-0.00010279
3235,-0.00010339
3237,-0.000104
3239,-0.00010462
3241,-0.00010524
3243,-0.00010586
3245,-0.00010649
3247,-0.00010712
3249,-0.00010776
3251,-0.00010841
3253,-0.00010906
3255,-0.00010971
3257,-0.00011038
3259,-0.00011104
3261,-0.00011172
3263,-0.00011239
3265,-0.00011308
3267,-0.00011377
3269,-0.00011446
3271,-0.00011516
3273,-0.00011587
3275,-0.00011658
3277,-0.0001173
3279,-0.00011803
3281,-0.00011876
3283,-0.0001195
3285,-0.00012024
3287,-0.00012099
3289,-0.00012175
3291,-0.00012252
3293,-0.00012329
3295,-0.00012406
3297,-0.00012485
3299,-0.00012564
3301,-0.00012644
3303,-0.00012724
3305,-0.00012805
3307,-0.00012887
3309,-0.0001297
3311,-0.00013054
3313,-0.00013138
3315,-0.00013223
3317,-0.00013308
3319,-0.00013395
3321,-0.00013482
3323,-0.0001357
3325,-0.00013659
3327,-0.00013749
3329,-0.00013839
3331,-0.00013931
3333,-0.00014023
3335,-0.00014116
3337,-0.0001421
3339,-0.00014305
3341,-0.00014401
3343,-0.00014497
3345,-0.00014595
3347,-0.00014693
3349,-0.00014792
3351,-0.00014893
3353,-0.00014994
3355,-0.00015096
3357,-0.00015199
3359,-0.00015304
3361,-0.00015409
3363,-0.00015515
3365,-0.00015622
3367,-0.00015731
3369,-0.0001584
3371,-0.0001595
3373,-0.00016062
3375,-0.00016174
3377,-0.00016288
3379,-0.00016403
3381,-0.00016519
3383,-0.00016636
3385,-0.00016754
3387,-0.00016874
3389,-0.00016995
3391,-0.00017117
3393,-0.0001724
3395,-0.00017364
3397,-0.0001749
3399,-0.00017617
3401,-0.00017745
3403,-0.00017875
3405,-0.00018006
3407,-0.00018138
3409,-0.00018272
3411,-0.00018407
3413,-0.00018543
3415,-0.00018681
3417,-0.00018821
3419,-0.00018962
3421,-0.00019104
3423,-0.00019248
3425,-0.00019393
3427,-0.0001954
3429,-0.00019689
3431,-0.00019839
3433,-0.00019991
3435,-0.00020144
3437,-0.00020299
3439,-0.00020456
3441,-0.00020615
3443,-0.00020775
3445,-0.00020937
3447,-0.00021101
3449,-0.00021267
3451,-0.00021434
3453,-0.00021604
3455,-0.00021775
3457,-0.00021948
3459,-0.00022123
3461,-0.00022301
3463,-0.0002248
3465,-0.00022661
3467,-0.00022845
3469,-0.0002303
3471,-0.00023218
3473,-0.00023408
3475,-0.000236
3477,-0.00023794
3479,-0.00023991
3481,-0.0002419
3483,-0.00024391
3485,-0.00024595
3487,-0.00024801
3489,-0.0002501
3491,-0.00025221
3493,-0.00025434
3495,-0.00025651
3497,-0.0002587
3499,-0.00026091
3501,-0.00026316
3503,-0.00026543
3505,-0.00026773
3507,-0.00027005
3509,-0.00027241
3511,-0.0002748
3513,-0.00027721
3515,-0.00027966
3517,-0.00028214
3519,-0.00028465
3521,-0.00028719
3523,-0.00028976
3525,-0.00029237
3527,-0.00029501
3529,-0.00029769
3531,-0.0003004
3533,-0.00030314
3535,-0.00030592
3537,-0.00030874
3539,-0.0003116
3541,-0.00031449
3543,-0.00031743
3545,-0.0003204
3547,-0.00032341
3549,-0.00032647
3551,-0.00032956
3553,-0.0003327
3555,-0.00033588
3557,-0.0003391
3559,-0.00034237
3561,-0.00034569
3563,-0.00034905
3565,-0.00035246
3567,-0.00035592
3569,-0.00035942
3571,-0.00036298
3573,-0.00036658
3575,-0.00037024
3577,-0.00037395
3579,-0.00037772
3581,-0.00038154
3583,-0.00038542
3585,-0.00038935
3587,-0.00039334
3589,-0.00039739
3591,-0.0004015
3593,-0.00040568
3595,-0.00040991
3597,-0.00041421
3599,-0.00041858
3601,-0.00042301
3603,-0.00042751
3605,-0.00043208
3607,-0.00043673
3609,-0.00044144
3611,-0.00044623
3613,-0.00045109
3615,-0.00045603
3617,-0.00046105
3619,-0.00046615
3621,-0.00047133
3623,-0.0004766
3625,-0.00048195
3627,-0.00048739
3629,-0.00049292
3631,-0.00049854
3633,-0.00050425
3635,-0.00051006
3637,-0.00051597
3639,-0.00052198
3641,-0.00052809
3643,-0.0005343
3645,-0.00054062
3647,-0.00054705
3649,-0.00055359
3651,-0.00056024
3653,-0.00056701
3655,-0.00057391
3657,-0.00058092
3659,-0.00058806
3661,-0.00059533
3663,-0.00060273
3665,-0.00061026
3667,-0.00061793
3669,-0.00062575
3671,-0.00063371
3673,-0.00064181
3675,-0.00065007
3677,-0.00065848
3679,-0.00066706
3681,-0.0006758
3683,-0.0006847
3685,-0.00069378
3687,-0.00070303
3689,-0.00071247
3691,-0.00072209
3693,-0.0007319
3695,-0.00074191
3697,-0.00075212
3699,-0.00076254
3701,-0.00077316
3703,-0.00078401
3705,-0.00079508
3707,-0.00080638
3709,-0.00081792
3711,-0.0008297
3713,-0.00084173
3715,-0.00085401
3717,-0.00086656
3719,-0.00087938
3721,-0.00089249
3723,-0.00090588
3725,-0.00091956
3727,-0.00093355
3729,-0.00094786
3731,-0.00096248
3733,-0.00097745
3735,-0.00099275
3737,-0.0010084
3739,-0.0010244
3741,-0.0010408
3743,-0.0010576
3745,-0.0010748
3747,-0.0010924
3749,-0.0011104
3751,-0.0011289
3753,-0.0011478
3755,-0.0011672
3757,-0.0011871
3759,-0.0012075
3761,-0.0012284
3763,-0.0012498
3765,-0.0012718
3767,-0.0012944
3769,-0.0013175
3771,-0.0013413
3773,-0.0013657
3775,-0.0013908
3777,-0.0014165
3779,-0.001443
3781,-0.0014702
3783,-0.0014981
3785,-0.0015268
3787,-0.0015564
3789,-0.0015868
3791,-0.0016181
3793,-0.0016503
3795,-0.0016835
3797,-0.0017177
3799,-0.0017529
3801,-0.0017891
3803,-0.0018265
3805,-0.0018651
3807,-0.0019048
3809,-0.0019458
3811,-0.0019882
3813,-0.0020319
3815,-0.0020771
3817,-0.0021237
3819,-0.0021719
3821,-0.0022218
3823,-0.0022734
3825,-0.0023267
3827,-0.0023819
3829,-0.0024391
3831,-0.0024984
3833,-0.0025598
3835,-0.0026234
3837,-0.0026894
3839,-0.002758
3841,-0.0028291
3843,-0.002903
3845,-0.0029797
3847,-0.0030595
3849,-0.0031426
3851,-0.003229
3853,-0.0033189
3855,-0.0034127
3857,-0.0035104
3859,-0.0036123
3861,-0.0037187
3863,-0.0038298
3865,-0.0039459
3867,-0.0040672
3869,-0.0041943
3871,-0.0043272
3873,-0.0044666
3875,-0.0046127
3877,-0.004766
3879,-0.004927
3881,-0.0050962
3883,-0.0052741
3885,-0.0054615
3887,-0.005659
3889,-0.0058672
3891,-0.006087
3893,-0.0063193
3895,-0.0065651
3897,-0.0068253
3899,-0.0071012
3901,-0.0073939
3903,-0.007705
3905,-0.008036
3907,-0.0083886
3909,-0.0087647
3911,-0.0091665
3913,-0.0095963
3915,-0.010057
3917,-0.010551
3919,-0.011082
3921,-0.011654
3923,-0.012272
3925,-0.012939
3927,-0.013662
3929,-0.014446
3931,-0.0153
3933,-0.016231
3935,-0.017249
3937,-0.018366
3939,-0.019594
3941,-0.020948
3943,-0.022446
3945,-0.024111
3947,-0.025966
3949,-0.028042
3951,-0.030376
3953,-0.033012
3955,-0.036003
3957,-0.039418
3959,-0.04334
3961,-0.047872
3963,-0.053148
3965,-0.05934
3967,-0.066672
3969,-0.075437
3971,-0.086035
3973,-0.099008
3975,-0.11511
3977,-0.13544
3979,-0.16158
3981,-0.19592
3983,-0.24224
3985,-0.30664
3987,-0.39954
3989,-0.53964
3991,-0.76248
3993,-1.1394
3995,-1.8157
3997,-3.0337
3999,-4.653
4001,-4.6531
4003,-3.0352
4005,-1.8182
4007,-1.1421
4009,-0.76504
4011,-0.54197
4013,-0.40165
4015,-0.30855
4017,-0.24398
4019,-0.19751
4021,-0.16304
4023,-0.13679
4025,-0.11637
4027,-0.10018
4029,-0.08713
4031,-0.076467
4033,-0.067643
4035,-0.060259
4037,-0.054019
4039,-0.0487
4041,-0.044129
4043,-0.040173
4045,-0.036725
4047,-0.033704
4049,-0.03104
4051,-0.028681
4053,-0.026581
4055,-0.024704
4057,-0.02302
4059,-0.021502
4061,-0.02013
4063,-0.018886
4065,-0.017753
4067,-0.01672
4069,-0.015775
4071,-0.014908
4073,-0.014111
4075,-0.013377
4077,-0.012698
4079,-0.01207
4081,-0.011488
4083,-0.010947
4085,-0.010443
4087,-0.0099741
4089,-0.0095359
4091,-0.009126
4093,-0.0087422
4095,-0.0083822
4097,-0.0080442
4099,-0.0077263
4101,-0.0074269
4103,-0.0071448
4105,-0.0068785
4107,-0.006627
4109,-0.006389
4111,-0.0061638
4113,-0.0059503
4115,-0.0057479
4117,-0.0055556
4119,-0.0053729
4121,-0.0051992
4123,-0.0050338
4125,-0.0048762
4127,-0.004726
4129,-0.0045826
4131,-0.0044458
4133,-0.004315
4135,-0.00419
4137,-0.0040703
4139,-0.0039558
4141,-0.0038461
4143,-0.0037409
4145,-0.00364
4147,-0.0035432
4149,-0.0034502
4151,-0.0033609
4153,-0.003275
4155,-0.0031924
4157,-0.0031129
4159,-0.0030364
4161,-0.0029627
4163,-0.0028917
4165,-0.0028232
4167,-0.0027572
4169,-0.0026935
4171,-0.002632
4173,-0.0025725
4175,-0.0025151
4177,-0.0024597
4179,-0.002406
4181,-0.0023541
4183,-0.0023039
4185,-0.0022553
4187,-0.0022083
4189,-0.0021627
4191,-0.0021185
4193,-0.0020757
4195,-0.0020342
4197,-0.0019939
4199,-0.0019549
4201,-0.0019169
4203,-0.0018801
4205,-0.0018444
4207,-0.0018097
4209,-0.0017759
4211,-0.0017431
4213,-0.0017113
4215,-0.0016803
4217,-0.0016501
4219,-0.0016208
4221,-0.0015922
4223,-0.0015644
4225,-0.0015374
4227,-0.001511
4229,-0.0014853
4231,-0.0014603
4233,-0.0014359
4235,-0.0014122
4237,-0.001389
4239,-0.0013664
4241,-0.0013444
4243,-0.0013229
4245,-0.0013019
4247,-0.0012814
4249,-0.0012614
4251,-0.0012419
4253,-0.0012228
4255,-0.0012042
4257,-0.001186
4259,-0.0011682
4261,-0.0011508
4263,-0.0011339
4265,-0.0011172
4267,-0.001101
4269,-0.0010851
4271,-0.0010696
4273,-0.0010544
4275,-0.0010395
4277,-0.001025
4279,-0.0010107
4281,-0.0009968
4283,-0.00098315
4285,-0.00096978
4287,-0.00095669
4289,-0.00094386
4291,-0.0009313
4293,-0.00091899
4295,-0.00090692
4297,-0.0008951
4299,-0.00088351
4301,-0.00087215
4303,-0.00086101
4305,-0.00085009
4307,-0.00083938
4309,-0.00082887
4311,-0.00081856
4313,-0.00080845
4315,-0.00079852
4317,-0.00078879
4319,-0.00077923
4321,-0.00076985
4323,-0.00076064
4325,-0.00075159
4327,-0.00074271
4329,-0.00073399
4331,-0.00072543
4333,-0.00071702
4335,-0.00070876
4337,-0.00070064
4339,-0.00069266
4341,-0.00068482
4343,-0.00067712
4345,-0.00066955
4347,-0.0006621
4349,-0.00065479
4351,-0.00064759
4353,-0.00064052
4355,-0.00063356
4357,-0.00062672
4359,-0.00061999
4361,-0.00061338
4363,-0.00060687
4365,-0.00060046
4367,-0.00059416
4369,-0.00058796
4371,-0.00058186
4373,-0.00057585
4375,-0.00056994
4377,-0.00056412
4379,-0.00055839
4381,-0.00055275
4383,-0.0005472
4385,-0.00054173
4387,-0.00053635
4389,-0.00053105
4391,-0.00052583
4393,-0.00052068
4395,-0.00051562
4397,-0.00051063
4399,-0.00050571
4401,-0.00050086
4403,-0.00049609
4405,-0.00049138
4407,-0.00048675
4409,-0.00048218
4411,-0.00047767
4413,-0.00047323
4415,-0.00046886
4417,-0.00046454
4419,-0.00046029
4421,-0.00045609
4423,-0.00045196
4425,-0.00044788
4427,-0.00044386
4429,-0.00043989
4431,-0.00043598
4433,-0.00043212
4435,-0.00042831
4437,-0.00042455
4439,-0.00042085
4441,-0.00041719
4443,-0.00041358
4445,-0.00041002
4447,-0.00040651
4449,-0.00040304
4451,-0.00039962
4453,-0.00039625
4455,-0.00039291
4457,-0.00038962
4459,-0.00038638
4461,-0.00038317
4463,-0.00038
4465,-0.00037688
4467,-0.00037379
4469,-0.00037074
4471,-0.00036774
4473,-0.00036476
4475,-0.00036183
4477,-0.00035893
4479,-0.00035607
4481,-0.00035324
4483,-0.00035045
4485,-0.00034769
4487,-0.00034496
4489,-0.00034227
4491,-0.0003396
4493,-0.00033698
4495,-0.00033438
4497,-0.00033181
4499,-0.00032927
4501,-0.00032677
4503,-0.00032429
4505,-0.00032184
4507,-0.00031942
4509,-0.00031702
4511,-0.00031466
4513,-0.00031232
4515,-0.00031001
4517,-0.00030772
4519,-0.00030546
4521,-0.00030323
4523,-0.00030102
4525,-0.00029884
4527,-0.00029668
4529,-0.00029454
4531,-0.00029243
4533,-0.00029034
4535,-0.00028828
4537,-0.00028623
4539,-0.00028421
4541,-0.00028221
4543,-0.00028024
4545,-0.00027828
4547,-0.00027635
4549,-0.00027443
4551,-0.00027254
4553,-0.00027066
4555,-0.00026881
4557,-0.00026698
4559,-0.00026516
4561,-0.00026337
4563,-0.00026159
4565,-0.00025983
4567,-0.00025809
4569,-0.00025637
4571,-0.00025466
4573,-0.00025297
4575,-0.0002513
4577,-0.00024965
4579,-0.00024801
4581,-0.00024639
4583,-0.00024479
4585,-0.0002432
4587,-0.00024163
4589,-0.00024007
4591,-0.00023853
4593,-0.00023701
4595,-0.0002355
4597,-0.000234
4599,-0.00023252
4601,-0.00023106
4603,-0.0002296
4605,-0.00022817
4607,-0.00022674
4609,-0.00022533
4611,-0.00022393
4613,-0.00022255
4615,-0.00022118
4617,-0.00021982
4619,-0.00021848
4621,-0.00021715
4623,-0.00021583
4625,-0.00021452
4627,-0.00021323
4629,-0.00021194
4631,-0.00021067
4633,-0.00020941
4635,-0.00020817
4637,-0.00020693
4639,-0.00020571
4641,-0.00020449
4643,-0.00020329
4645,-0.0002021
4647,-0.00020092
4649,-0.00019975
4651,-0.00019859
4653,-0.00019744
4655,-0.0001963
4657,-0.00019517
4659,-0.00019405
4661,-0.00019295
4663,-0.00019185
4665,-0.00019076
4667,-0.00018968
4669,-0.00018861
4671,-0.00018755
4673,-0.0001865
4675,-0.00018545
4677,-0.00018442
4679,-0.0001834
4681,-0.00018238
4683,-0.00018137
4685,-0.00018037
4687,-0.00017938
4689,-0.0001784
4691,-0.00017743
4693,-0.00017646
4695,-0.00017551
4697,-0.00017456
4699,-0.00017362
4701,-0.00017268
4703,-0.00017176
4705,-0.00017084
4707,-0.00016993
4709,-0.00016903
4711,-0.00016813
4713,-0.00016725
4715,-0.00016637
4717,-0.00016549
4719,-0.00016463
4721,-0.00016377
4723,-0.00016291
4725,-0.00016207
4727,-0.00016123
4729,-0.0001604
4731,-0.00015957
4733,-0.00015875
4735,-0.00015794
4737,-0.00015714
4739,-0.00015634
4741,-0.00015554
4743,-0.00015476
4745,-0.00015398
4747,-0.0001532
4749,-0.00015243
4751,-0.00015167
4753,-0.00015091
4755,-0.00015016
4757,-0.00014942
4759,-0.00014868
4761,-0.00014795
4763,-0.00014722
4765,-0.0001465
4767,-0.00014578
4769,-0.00014507
4771,-0.00014436
4773,-0.00014366
4775,-0.00014296
4777,-0.00014227
4779,-0.00014159
4781,-0.00014091
4783,-0.00014023
4785,-0.00013956
4787,-0.0001389
4789,-0.00013824
4791,-0.00013758
4793,-0.00013693
4795,-0.00013629
4797,-0.00013565
4799,-0.00013501
4801,-0.00013438
4803,-0.00013375
4805,-0.00013313
4807,-0.00013251
4809,-0.0001319
4811,-0.00013129
4813,-0.00013069
4815,-0.00013009
4817,-0.00012949
4819,-0.0001289
4821,-0.00012831
4823,-0.00012773
4825,-0.00012715
4827,-0.00012657
4829,-0.000126
4831,-0.00012543
4833,-0.00012487
4835,-0.00012431
4837,-0.00012376
4839,-0.0001232
4841,-0.00012266
4843,-0.00012211
4845,-0.00012157
4847,-0.00012103
4849,-0.0001205
4851,-0.00011997
4853,-0.00011945
4855,-0.00011893
4857,-0.00011841
4859,-0.00011789
4861,-0.00011738
4863,-0.00011687
4865,-0.00011637
4867,-0.00011587
4869,-0.00011537
4871,-0.00011487
4873,-0.00011438
4875,-0.00011389
4877,-0.00011341
4879,-0.00011293
4881,-0.00011245
4883,-0.00011197
4885,-0.0001115
4887,-0.00011103
4889,-0.00011057
4891,-0.0001101
4893,-0.00010965
4895,-0.00010919
4897,-0.00010873
4899,-0.00010828
4901,-0.00010784
4903,-0.00010739
4905,-0.00010695
4907,-0.00010651
4909,-0.00010607
4911,-0.00010564
4913,-0.00010521
4915,-0.00010478
4917,-0.00010435
4919,-0.00010393
4921,-0.00010351
4923,-0.00010309
4925,-0.00010268
4927,-0.00010226
4929,-0.00010185
4931,-0.00010145
4933,-0.00010104
4935,-0.00010064
4937,-0.00010024
4939,-9.9842e-05
4941,-9.9448e-05
4943,-9.9055e-05
4945,-9.8665e-05
4947,-9.8277e-05
4949,-9.7892e-05
4951,-9.7509e-05
4953,-9.7129e-05
4955,-9.675e-05
4957,-9.6374e-05
4959,-9.6001e-05
4961,-9.5629e-05
4963,-9.526e-05
4965,-9.4893e-05
4967,-9.4528e-05
4969,-9.4166e-05
4971,-9.3805e-05
4973,-9.3447e-05
4975,-9.3091e-05
4977,-9.2737e-05
4979,-9.2385e-05
4981,-9.2035e-05
4983,-9.1687e-05
4985,-9.1341e-05
4987,-9.0998e-05
4989,-9.0656e-05
4991,-9.0316e-05
4993,-8.9979e-05
4995,-8.9643e-05
4997,-8.9309e-05
4999,-8.8977e-05
5001,-8.8647e-05
5003,-8.8319e-05
5005,-8.7993e-05
5007,-8.7669e-05
5009,-8.7346e-05
5011,-8.7026e-05
5013,-8.6707e-05
5015,-8.639e-05
5017,-8.6075e-05
5019,-8.5762e-05
5021,-8.545e-05
5023,-8.514e-05
5025,-8.4832e-05
5027,-8.4526e-05
5029,-8.4222e-05
5031,-8.3919e-05
5033,-8.3618e-05
5035,-8.3318e-05
5037,-8.302e-05
5039,-8.2724e-05
5041,-8.243e-05
5043,-8.2137e-05
5045,-8.1846e-05
5047,-8.1556e-05
5049,-8.1268e-05
5051,-8.0981e-05
5053,-8.0697e-05
5055,-8.0413e-05
5057,-8.0132e-05
5059,-7.9851e-05
5061,-7.9573e-05
5063,-7.9295e-05
5065,-7.902e-05
5067,-7.8746e-05
5069,-7.8473e-05
5071,-7.8202e-05
5073,-7.7932e-05
5075,-7.7664e-05
5077,-7.7397e-05
5079,-7.7131e-05
5081,-7.6867e-05
5083,-7.6605e-05
5085,-7.6344e-05
5087,-7.6084e-05
5089,-7.5825e-05
5091,-7.5568e-05
5093,-7.5312e-05
5095,-7.5058e-05
5097,-7.4805e-05
5099,-7.4553e-05
5101,-7.4303e-05
5103,-7.4054e-05
5105,-7.3806e-05
5107,-7.356e-05
5109,-7.3315e-05
5111,-7.3071e-05
5113,-7.2828e-05
5115,-7.2587e-05
5117,-7.2347e-05
5119,-7.2108e-05
5121,-7.187e-05
5123,-7.1634e-05
5125,-7.1398e-05
5127,-7.1164e-05
5129,-7.0931e-05
5131,-7.07e-05
5133,-7.0469e-05
5135,-7.024e-05
5137,-7.0012e-05
5139,-6.9785e-05
5141,-6.9559e-05
5143,-6.9335e-05
5145,-6.9111e-05
5147,-6.8889e-05
5149,-6.8667e-05
5151,-6.8447e-05
5153,-6.8228e-05
5155,-6.801e-05
5157,-6.7793e-05
5159,-6.7577e-05
5161,-6.7362e-05
5163,-6.7149e-05
5165,-6.6936e-05
5167,-6.6725e-05
5169,-6.6514e-05
5171,-6.6305e-05
5173,-6.6096e-05
5175,-6.5889e-05
5177,-6.5682e-05
5179,-6.5477e-05
5181,-6.5272e-05
5183,-6.5069e-05
5185,-6.4866e-05
5187,-6.4665e-05
5189,-6.4465e-05
5191,-6.4265e-05
5193,-6.4066e-05
5195,-6.3869e-05
5197,-6.3672e-05
5199,-6.3477e-05
5201,-6.3282e-05
5203,-6.3088e-05
5205,-6.2895e-05
5207,-6.2703e-05
5209,-6.2512e-05
5211,-6.2322e-05
5213,-6.2133e-05
5215,-6.1944e-05
5217,-6.1757e-05
5219,-6.157e-05
5221,-6.1385e-05
5223,-6.12e-05
5225,-6.1016e-05
5227,-6.0833e-05
5229,-6.0651e-05
5231,-6.0469e-05
5233,-6.0289e-05
5235,-6.0109e-05
5237,-5.993e-05
5239,-5.9752e-05
5241,-5.9575e-05
5243,-5.9399e-05
5245,-5.9223e-05
5247,-5.9048e-05
5249,-5.8874e-05
5251,-5.8701e-05
5253,-5.8529e-05
5255,-5.8357e-05
5257,-5.8186e-05
5259,-5.8016e-05
5261,-5.7847e-05
5263,-5.7679e-05
5265,-5.7511e-05
5267,-5.7344e-05
5269,-5.7178e-05
5271,-5.7013e-05
5273,-5.6848e-05
5275,-5.6684e-05
5277,-5.6521e-05
5279,-5.6358e-05
5281,-5.6197e-05
5283,-5.6036e-05
5285,-5.5875e-05
5287,-5.5716e-05
5289,-5.5557e-05
5291,-5.5399e-05
5293,-5.5241e-05
5295,-5.5085e-05
5297,-5.4929e-05
5299,-5.4773e-05
5301,-5.4619e-05
5303,-5.4465e-05
5305,-5.4311e-05
5307,-5.4159e-05
5309,-5.4007e-05
5311,-5.3855e-05
5313,-5.3705e-05
5315,-5.3555e-05
5317,-5.3405e-05
5319,-5.3257e-05
5321,-5.3109e-05
5323,-5.2961e-05
5325,-5.2815e-05
5327,-5.2668e-05
5329,-5.2523e-05
5331,-5.2378e-05
5333,-5.2234e-05
5335,-5.209e-05
5337,-5.1947e-05
5339,-5.1805e-05
5341,-5.1663e-05
5343,-5.1522e-05
5345,-5.1381e-05
5347,-5.1241e-05
5349,-5.1102e-05
5351,-5.0963e-05
5353,-5.0825e-05
5355,-5.0687e-05
5357,-5.055e-05
5359,-5.0414e-05
5361,-5.0278e-05
5363,-5.0143e-05
5365,-5.0008e-05
5367,-4.9874e-05
5369,-4.974e-05
5371,-4.9607e-05
5373,-4.9475e-05
5375,-4.9343e-05
5377,-4.9211e-05
5379,-4.9081e-05
5381,-4.895e-05
5383,-4.8821e-05
5385,-4.8691e-05
5387,-4.8563e-05
5389,-4.8434e-05
5391,-4.8307e-05
5393,-4.818e-05
5395,-4.8053e-05
5397,-4.7927e-05
5399,-4.7802e-05
5401,-4.7677e-05
5403,-4.7552e-05
5405,-4.7428e-05
5407,-4.7304e-05
5409,-4.7181e-05
5411,-4.7059e-05
5413,-4.6937e-05
5415,-4.6815e-05
5417,-4.6694e-05
5419,-4.6574e-05
5421,-4.6454e-05
5423,-4.6334e-05
5425,-4.6215e-05
5427,-4.6097e-05
5429,-4.5978e-05
5431,-4.5861e-05
5433,-4.5744e-05
5435,-4.5627e-05
5437,-4.5511e-05
5439,-4.5395e-05
5441,-4.5279e-05
5443,-4.5165e-05
5445,-4.505e-05
5447,-4.4936e-05
5449,-4.4823e-05
5451,-4.471e-05
5453,-4.4597e-05
5455,-4.4485e-05
5457,-4.4373e-05
5459,-4.4262e-05
5461,-4.4151e-05
5463,-4.404e-05
5465,-4.393e-05
5467,-4.3821e-05
5469,-4.3712e-05
5471,-4.3603e-05
5473,-4.3495e-05
5475,-4.3387e-05
5477,-4.3279e-05
5479,-4.3172e-05
5481,-4.3065e-05
5483,-4.2959e-05
5485,-4.2853e-05
5487,-4.2748e-05
5489,-4.2643e-05
5491,-4.2538e-05
5493,-4.2434e-05
5495,-4.233e-05
5497,-4.2227e-05
5499,-4.2124e-05
5501,-4.2021e-05
5503,-4.1919e-05
5505,-4.1817e-05
5507,-4.1716e-05
5509,-4.1615e-05
5511,-4.1514e-05
5513,-4.1414e-05
5515,-4.1314e-05
5517,-4.1214e-05
5519,-4.1115e-05
5521,-4.1016e-05
5523,-4.0918e-05
5525,-4.082e-05
5527,-4.0722e-05
5529,-4.0625e-05
5531,-4.0528e-05
5533,-4.0431e-05
5535,-4.0335e-05
5537,-4.0239e-05
5539,-4.0143e-05
5541,-4.0048e-05
5543,-3.9953e-05
5545,-3.9859e-05
5547,-3.9765e-05
5549,-3.9671e-05
5551,-3.9577e-05
5553,-3.9484e-05
5555,-3.9392e-05
5557,-3.9299e-05
5559,-3.9207e-05
5561,-3.9115e-05
5563,-3.9024e-05
5565,-3.8933e-05
5567,-3.8842e-05
5569,-3.8752e-05
5571,-3.8661e-05
5573,-3.8572e-05
5575,-3.8482e-05
5577,-3.8393e-05
5579,-3.8304e-05
5581,-3.8216e-05
5583,-3.8128e-05
5585,-3.804e-05
5587,-3.7952e-05
5589,-3.7865e-05
5591,-3.7778e-05
5593,-3.7692e-05
5595,-3.7605e-05
5597,-3.7519e-05
5599,-3.7434e-05
5601,-3.7348e-05
5603,-3.7263e-05
5605,-3.7179e-05
5607,-3.7094e-05
5609,-3.701e-05
5611,-3.6926e-05
5613,-3.6843e-05
5615,-3.6759e-05
5617,-3.6676e-05
5619,-3.6594e-05
5621,-3.6511e-05
5623,-3.6429e-05
5625,-3.6347e-05
5627,-3.6266e-05
5629,-3.6185e-05
5631,-3.6104e-05
5633,-3.6023e-05
5635,-3.5943e-05
5637,-3.5862e-05
5639,-3.5783e-05
5641,-3.5703e-05
5643,-3.5624e-05
5645,-3.5545e-05
5647,-3.5466e-05
5649,-3.5388e-05
5651,-3.5309e-05
5653,-3.5231e-05
5655,-3.5154e-05
5657,-3.5076e-05
5659,-3.4999e-05
5661,-3.4922e-05
5663,-3.4846e-05
5665,-3.4769e-05
5667,-3.4693e-05
5669,-3.4618e-05
5671,-3.4542e-05
5673,-3.4467e-05
5675,-3.4392e-05
5677,-3.4317e-05
5679,-3.4242e-05
5681,-3.4168e-05
5683,-3.4094e-05
5685,-3.402e-05
5687,-3.3947e-05
5689,-3.3873e-05
5691,-3.38e-05
5693,-3.3728e-05
5695,-3.3655e-05
5697,-3.3583e-05
5699,-3.3511e-05
5701,-3.3439e-05
5703,-3.3367e-05
5705,-3.3296e-05
5707,-3.3225e-05
5709,-3.3154e-05
5711,-3.3083e-05
5713,-3.3013e-05
5715,-3.2943e-05
5717,-3.2873e-05
5719,-3.2803e-05
5721,-3.2734e-05
5723,-3.2664e-05
5725,-3.2595e-05
5727,-3.2526e-05
5729,-3.2458e-05
5731,-3.239e-05
5733,-3.2321e-05
5735,-3.2254e-05
5737,-3.2186e-05
5739,-3.2118e-05
5741,-3.2051e-05
5743,-3.1984e-05
5745,-3.1917e-05
5747,-3.1851e-05
5749,-3.1784e-05
5751,-3.1718e-05
5753,-3.1652e-05
5755,-3.1587e-05
5757,-3.1521e-05
5759,-3.1456e-05
5761,-3.1391e-05
5763,-3.1326e-05
5765,-3.1261e-05
5767,-3.1197e-05
5769,-3.1132e-05
5771,-3.1068e-05
5773,-3.1005e-05
5775,-3.0941e-05
5777,-3.0877e-05
5779,-3.0814e-05
5781,-3.0751e-05
5783,-3.0688e-05
5785,-3.0626e-05
5787,-3.0563e-05
5789,-3.0501e-05
5791,-3.0439e-05
5793,-3.0377e-05
5795,-3.0316e-05
5797,-3.0254e-05
5799,-3.0193e-05
5801,-3.0132e-05
5803,-3.0071e-05
5805,-3.001e-05
5807,-2.995e-05
5809,-2.9889e-05
5811,-2.9829e-05
5813,-2.9769e-05
5815,-2.971e-05
5817,-2.965e-05
5819,-2.9591e-05
5821,-2.9532e-05
5823,-2.9473e-05
5825,-2.9414e-05
5827,-2.9355e-05
5829,-2.9297e-05
5831,-2.9238e-05
5833,-2.918e-05
5835,-2.9122e-05
5837,-2.9065e-05
5839,-2.9007e-05
5841,-2.895e-05
5843,-2.8893e-05
5845,-2.8835e-05
5847,-2.8779e-05
5849,-2.8722e-05
5851,-2.8665e-05
5853,-2.8609e-05
5855,-2.8553e-05
5857,-2.8497e-05
5859,-2.8441e-05
5861,-2.8386e-05
5863,-2.833e-05
5865,-2.8275e-05
5867,-2.822e-05
5869,-2.8165e-05
5871,-2.811e-05
5873,-2.8055e-05
5875,-2.8001e-05
5877,-2.7946e-05
5879,-2.7892e-05
5881,-2.7838e-05
5883,-2.7784e-05
5885,-2.7731e-05
5887,-2.7677e-05
5889,-2.7624e-05
5891,-2.7571e-05
5893,-2.7518e-05
5895,-2.7465e-05
5897,-2.7412e-05
5899,-2.736e-05
5901,-2.7307e-05
5903,-2.7255e-05
5905,-2.7203e-05
5907,-2.7151e-05
5909,-2.7099e-05
5911,-2.7048e-05
5913,-2.6996e-05
5915,-2.6945e-05
5917,-2.6894e-05
5919,-2.6843e-05
5921,-2.6792e-05
5923,-2.6741e-05
5925,-2.669e-05
5927,-2.664e-05
5929,-2.659e-05
5931,-2.654e-05
5933,-2.649e-05
5935,-2.644e-05
5937,-2.639e-05
5939,-2.6341e-05
5941,-2.6291e-05
5943,-2.6242e-05
5945,-2.6193e-05
5947,-2.6144e-05
5949,-2.6095e-05
5951,-2.6046e-05
5953,-2.5998e-05
5955,-2.5949e-05
5957,-2.5901e-05
5959,-2.5853e-05
5961,-2.5805e-05
5963,-2.5757e-05
5965,-2.5709e-05
5967,-2.5662e-05
5969,-2.5614e-05
5971,-2.5567e-05
5973,-2.552e-05
5975,-2.5473e-05
5977,-2.5426e-05
5979,-2.5379e-05
5981,-2.5333e-05
5983,-2.5286e-05
5985,-2.524e-05
5987,-2.5194e-05
5989,-2.5147e-05
5991,-2.5101e-05
5993,-2.5056e-05
5995,-2.501e-05
5997,-2.4964e-05
5999,-2.4919e-05
6001,-2.4874e-05
6003,-2.4828e-05
6005,-2.4783e-05
6007,-2.4738e-05
6009,-2.4693e-05
6011,-2.4649e-05
6013,-2.4604e-05
6015,-2.456e-05
6017,-2.4515e-05
6019,-2.4471e-05
6021,-2.4427e-05
6023,-2.4383e-05
6025,-2.4339e-05
6027,-2.4296e-05
6029,-2.4252e-05
6031,-2.4209e-05
6033,-2.4165e-05
6035,-2.4122e-05
6037,-2.4079e-05
6039,-2.4036e-05
6041,-2.3993e-05
6043,-2.395e-05
6045,-2.3908e-05
6047,-2.3865e-05
6049,-2.3823e-05
6051,-2.3781e-05
6053,-2.3738e-05
6055,-2.3696e-05
6057,-2.3654e-05
6059,-2.3613e-05
6061,-2.3571e-05
6063,-2.3529e-05
6065,-2.3488e-05
6067,-2.3447e-05
6069,-2.3405e-05
6071,-2.3364e-05
6073,-2.3323e-05
6075,-2.3282e-05
6077,-2.3241e-05
6079,-2.3201e-05
6081,-2.316e-05
6083,-2.312e-05
6085,-2.3079e-05
6087,-2.3039e-05
6089,-2.2999e-05
6091,-2.2959e-05
6093,-2.2919e-05
6095,-2.2879e-05
6097,-2.2839e-05
6099,-2.28e-05
6101,-2.276e-05
6103,-2.2721e-05
6105,-2.2682e-05
6107,-2.2642e-05
6109,-2.2603e-05
6111,-2.2564e-05
6113,-2.2526e-05
6115,-2.2487e-05
6117,-2.2448e-05
6119,-2.241e-05
6121,-2.2371e-05
6123,-2.2333e-05
6125,-2.2294e-05
6127,-2.2256e-05
6129,-2.2218e-05
6131,-2.218e-05
6133,-2.2142e-05
6135,-2.2105e-05
6137,-2.2067e-05
6139,-2.2029e-05
6141,-2.1992e-05
6143,-2.1955e-05
6145,-2.1917e-05
6147,-2.188e-05
6149,-2.1843e-05
6151,-2.1806e-05
6153,-2.1769e-05
6155,-2.1732e-05
6157,-2.1696e-05
6159,-2.1659e-05
6161,-2.1623e-05
6163,-2.1586e-05
6165,-2.155e-05
6167,-2.1514e-05
6169,-2.1478e-05
6171,-2.1442e-05
6173,-2.1406e-05
6175,-2.137e-05
6177,-2.1334e-05
6179,-2.1299e-05
6181,-2.1263e-05
6183,-2.1227e-05
6185,-2.1192e-05
6187,-2.1157e-05
6189,-2.1122e-05
6191,-2.1087e-05
6193,-2.1052e-05
6195,-2.1017e-05
6197,-2.0982e-05
6199,-2.0947e-05
6201,-2.0912e-05
6203,-2.0878e-05
6205,-2.0843e-05
6207,-2.0809e-05
6209,-2.0775e-05
6211,-2.074e-05
6213,-2.0706e-05
6215,-2.0672e-05
6217,-2.0638e-05
6219,-2.0604e-05
6221,-2.0571e-05
6223,-2.0537e-05
6225,-2.0503e-05
6227,-2.047e-05
6229,-2.0436e-05
6231,-2.0403e-05
6233,-2.037e-05
6235,-2.0336e-05
6237,-2.0303e-05
6239,-2.027e-05
6241,-2.0237e-05
6243,-2.0204e-05
6245,-2.0172e-05
6247,-2.0139e-05
6249,-2.0106e-05
6251,-2.0074e-05
6253,-2.0041e-05
6255,-2.0009e-05
6257,-1.9977e-05
6259,-1.9944e-05
6261,-1.9912e-05
6263,-1.988e-05
6265,-1.9848e-05
6267,-1.9816e-05
6269,-1.9785e-05
6271,-1.9753e-05
6273,-1.9721e-05
6275,-1.969e-05
6277,-1.9658e-05
6279,-1.9627e-05
6281,-1.9595e-05
6283,-1.9564e-05
6285,-1.9533e-05
6287,-1.9502e-05
6289,-1.9471e-05
6291,-1.944e-05
6293,-1.9409e-05
6295,-1.9378e-05
6297,-1.9347e-05
6299,-1.9317e-05
6301,-1.9286e-05
6303,-1.9255e-05
6305,-1.9225e-05
6307,-1.9195e-05
6309,-1.9164e-05
6311,-1.9134e-05
6313,-1.9104e-05
6315,-1.9074e-05
6317,-1.9044e-05
6319,-1.9014e-05
6321,-1.8984e-05
6323,-1.8954e-05
6325,-1.8925e-05
6327,-1.8895e-05
6329,-1.8865e-05
6331,-1.8836e-05
6333,-1.8806e-05
6335,-1.8777e-05
6337,-1.8748e-05
6339,-1.8719e-05
6341,-1.8689e-05
6343,-1.866e-05
6345,-1.8631e-05
6347,-1.8602e-05
6349,-1.8574e-05
6351,-1.8545e-05
6353,-1.8516e-05
6355,-1.8487e-05
6357,-1.8459e-05
6359,-1.843e-05
6361,-1.8402e-05
6363,-1.8373e-05
6365,-1.8345e-05
6367,-1.8317e-05
6369,-1.8289e-05
6371,-1.826e-05
6373,-1.8232e-05
6375,-1.8204e-05
6377,-1.8176e-05
6379,-1.8149e-05
6381,-1.8121e-05
6383,-1.8093e-05
6385,-1.8065e-05
6387,-1.8038e-05
6389,-1.801e-05
6391,-1.7983e-05
6393,-1.7955e-05
6395,-1.7928e-05
6397,-1.7901e-05
6399,-1.7873e-05
6401,-1.7846e-05
6403,-1.7819e-05
6405,-1.7792e-05
6407,-1.7765e-05
6409,-1.7738e-05
6411,-1.7711e-05
6413,-1.7685e-05
6415,-1.7658e-05
6417,-1.7631e-05
6419,-1.7605e-05
6421,-1.7578e-05
6423,-1.7552e-05
6425,-1.7525e-05
6427,-1.7499e-05
6429,-1.7473e-05
6431,-1.7446e-05
6433,-1.742e-05
6435,-1.7394e-05
6437,-1.7368e-05
6439,-1.7342e-05
6441,-1.7316e-05
6443,-1.729e-05
6445,-1.7264e-05
6447,-1.7239e-05
6449,-1.7213e-05
6451,-1.7187e-05
6453,-1.7162e-05
6455,-1.7136e-05
6457,-1.7111e-05
6459,-1.7085e-05
6461,-1.706e-05
6463,-1.7035e-05
6465,-1.701e-05
6467,-1.6984e-05
6469,-1.6959e-05
6471,-1.6934e-05
6473,-1.6909e-05
6475,-1.6884e-05
6477,-1.6859e-05
6479,-1.6835e-05
6481,-1.681e-05
6483,-1.6785e-05
6485,-1.676e-05
6487,-1.6736e-05
6489,-1.6711e-05
6491,-1.6687e-05
6493,-1.6662e-05
6495,-1.6638e-05
6497,-1.6613e-05
6499,-1.6589e-05
6501,-1.6565e-05
6503,-1.6541e-05
6505,-1.6517e-05
6507,-1.6493e-05
6509,-1.6469e-05
6511,-1.6445e-05
6513,-1.6421e-05
6515,-1.6397e-05
6517,-1.6373e-05
6519,-1.6349e-05
6521,-1.6326e-05
6523,-1.6302e-05
6525,-1.6278e-05
6527,-1.6255e-05
6529,-1.6231e-05
6531,-1.6208e-05
6533,-1.6185e-05
6535,-1.6161e-05
6537,-1.6138e-05
6539,-1.6115e-05
6541,-1.6092e-05
6543,-1.6068e-05
6545,-1.6045e-05
6547,-1.6022e-05
6549,-1.5999e-05
6551,-1.5976e-05
6553,-1.5953e-05
6555,-1.5931e-05
6557,-1.5908e-05
6559,-1.5885e-05
6561,-1.5862e-05
6563,-1.584e-05
6565,-1.5817e-05
6567,-1.5795e-05
6569,-1.5772e-05
6571,-1.575e-05
6573,-1.5727e-05
6575,-1.5705e-05
6577,-1.5683e-05
6579,-1.5661e-05
6581,-1.5638e-05
6583,-1.5616e-05
6585,-1.5594e-05
6587,-1.5572e-05
6589,-1.555e-05
6591,-1.5528e-05
6593,-1.5506e-05
6595,-1.5484e-05
6597,-1.5463e-05
6599,-1.5441e-05
6601,-1.5419e-05
6603,-1.5397e-05
6605,-1.5376e-05
6607,-1.5354e-05
6609,-1.5333e-05
6611,-1.5311e-05
6613,-1.529e-05
6615,-1.5268e-05
6617,-1.5247e-05
6619,-1.5226e-05
6621,-1.5204e-05
6623,-1.5183e-05
6625,-1.5162e-05
6627,-1.5141e-05
6629,-1.512e-05
6631,-1.5099e-05
6633,-1.5078e-05
6635,-1.5057e-05
6637,-1.5036e-05
6639,-1.5015e-05
6641,-1.4994e-05
6643,-1.4973e-05
6645,-1.4953e-05
6647,-1.4932e-05
6649,-1.4911e-05
6651,-1.4891e-05
6653,-1.487e-05
6655,-1.485e-05
6657,-1.4829e-05
6659,-1.4809e-05
6661,-1.4788e-05
6663,-1.4768e-05
6665,-1.4748e-05
6667,-1.4728e-05
6669,-1.4707e-05
6671,-1.4687e-05
6673,-1.4667e-05
6675,-1.4647e-05
6677,-1.4627e-05
6679,-1.4607e-05
6681,-1.4587e-05
6683,-1.4567e-05
6685,-1.4547e-05
6687,-1.4527e-05
6689,-1.4508e-05
6691,-1.4488e-05
6693,-1.4468e-05
6695,-1.4448e-05
6697,-1.4429e-05
6699,-1.4409e-05
6701,-1.439e-05
6703,-1.437e-05
6705,-1.4351e-05
6707,-1.4331e-05
6709,-1.4312e-05
6711,-1.4292e-05
6713,-1.4273e-05
6715,-1.4254e-05
6717,-1.4235e-05
6719,-1.4215e-05
6721,-1.4196e-05
6723,-1.4177e-05
6725,-1.4158e-05
6727,-1.4139e-05
6729,-1.412e-05
6731,-1.4101e-05
6733,-1.4082e-05
6735,-1.4063e-05
6737,-1.4044e-05
6739,-1.4026e-05
6741,-1.4007e-05
6743,-1.3988e-05
6745,-1.3969e-05
6747,-1.3951e-05
6749,-1.3932e-05
6751,-1.3913e-05
6753,-1.3895e-05
6755,-1.3876e-05
6757,-1.3858e-05
6759,-1.384e-05
6761,-1.3821e-05
6763,-1.3803e-05
6765,-1.3784e-05
6767,-1.3766e-05
6769,-1.3748e-05
6771,-1.373e-05
6773,-1.3712e-05
6775,-1.3693e-05
6777,-1.3675e-05
6779,-1.3657e-05
6781,-1.3639e-05
6783,-1.3621e-05
6785,-1.3603e-05
6787,-1.3585e-05
6789,-1.3567e-05
6791,-1.355e-05
6793,-1.3532e-05
6795,-1.3514e-05
6797,-1.3496e-05
6799,-1.3479e-05
6801,-1.3461e-05
6803,-1.3443e-05
6805,-1.3426e-05
6807,-1.3408e-05
6809,-1.339e-05
6811,-1.3373e-05
6813,-1.3356e-05
6815,-1.3338e-05
6817,-1.3321e-05
6819,-1.3303e-05
6821,-1.3286e-05
6823,-1.3269e-05
6825,-1.3251e-05
6827,-1.3234e-05
6829,-1.3217e-05
6831,-1.32e-05
6833,-1.3183e-05
6835,-1.3166e-05
6837,-1.3149e-05
6839,-1.3132e-05
6841,-1.3115e-05
6843,-1.3098e-05
6845,-1.3081e-05
6847,-1.3064e-05
6849,-1.3047e-05
6851,-1.303e-05
6853,-1.3013e-05
6855,-1.2997e-05
6857,-1.298e-05
6859,-1.2963e-05
6861,-1.2946e-05
6863,-1.293e-05
6865,-1.2913e-05
6867,-1.2897e-05
6869,-1.288e-05
6871,-1.2864e-05
6873,-1.2847e-05
6875,-1.2831e-05
6877,-1.2814e-05
6879,-1.2798e-05
6881,-1.2782e-05
6883,-1.2765e-05
6885,-1.2749e-05
6887,-1.2733e-05
6889,-1.2716e-05
6891,-1.27e-05
6893,-1.2684e-05
6895,-1.2668e-05
6897,-1.2652e-05
6899,-1.2636e-05
6901,-1.262e-05
6903,-1.2604e-05
6905,-1.2588e-05
6907,-1.2572e-05
6909,-1.2556e-05
6911,-1.254e-05
6913,-1.2524e-05
6915,-1.2508e-05
6917,-1.2493e-05
6919,-1.2477e-05
6921,-1.2461e-05
6923,-1.2445e-05
6925,-1.243e-05
6927,-1.2414e-05
6929,-1.2398e-05
6931,-1.2383e-05
6933,-1.2367e-05
6935,-1.2352e-05
6937,-1.2336e-05
6939,-1.2321e-05
6941,-1.2305e-05
6943,-1.229e-05
6945,-1.2275e-05
6947,-1.2259e-05
6949,-1.2244e-05
6951,-1.2229e-05
6953,-1.2213e-05
6955,-1.2198e-05
6957,-1.2183e-05
6959,-1.2168e-05
6961,-1.2153e-05
6963,-1.2137e-05
6965,-1.2122e-05
6967,-1.2107e-05
6969,-1.2092e-05
6971,-1.2077e-05
6973,-1.2062e-05
6975,-1.2047e-05
6977,-1.2032e-05
6979,-1.2017e-05
6981,-1.2003e-05
6983,-1.1988e-05
6985,-1.1973e-05
6987,-1.1958e-05
6989,-1.1943e-05
6991,-1.1929e-05
6993,-1.1914e-05
6995,-1.1899e-05
6997,-1.1885e-05
6999,-1.187e-05
7001,-1.1855e-05
7003,-1.1841e-05
7005,-1.1826e-05
7007,-1.1812e-05
7009,-1.1797e-05
7011,-1.1783e-05
7013,-1.1768e-05
7015,-1.1754e-05
7017,-1.1739e-05
7019,-1.1725e-05
7021,-1.1711e-05
7023,-1.1696e-05
7025,-1.1682e-05
7027,-1.1668e-05
7029,-1.1654e-05
7031,-1.1639e-05
7033,-1.1625e-05
7035,-1.1611e-05
7037,-1.1597e-05
7039,-1.1583e-05
7041,-1.1569e-05
7043,-1.1555e-05
7045,-1.1541e-05
7047,-1.1527e-05
7049,-1.1513e-05
7051,-1.1499e-05
7053,-1.1485e-05
7055,-1.1471e-05
7057,-1.1457e-05
7059,-1.1443e-05
7061,-1.1429e-05
7063,-1.1416e-05
7065,-1.1402e-05
7067,-1.1388e-05
7069,-1.1374e-05
7071,-1.1361e-05
7073,-1.1347e-05
7075,-1.1333e-05
7077,-1.132e-05
7079,-1.1306e-05
7081,-1.1293e-05
7083,-1.1279e-05
7085,-1.1265e-05
7087,-1.1252e-05
7089,-1.1239e-05
7091,-1.1225e-05
7093,-1.1212e-05
7095,-1.1198e-05
7097,-1.1185e-05
7099,-1.1171e-05
7101,-1.1158e-05
7103,-1.1145e-05
7105,-1.1132e-05
7107,-1.1118e-05
7109,-1.1105e-05
7111,-1.1092e-05
7113,-1.1079e-05
7115,-1.1065e-05
7117,-1.1052e-05
7119,-1.1039e-05
7121,-1.1026e-05
7123,-1.1013e-05
7125,-1.1e-05
7127,-1.0987e-05
7129,-1.0974e-05
7131,-1.0961e-05
7133,-1.0948e-05
7135,-1.0935e-05
7137,-1.0922e-05
7139,-1.0909e-05
7141,-1.0896e-05
7143,-1.0883e-05
7145,-1.0871e-05
7147,-1.0858e-05
7149,-1.0845e-05
7151,-1.0832e-05
7153,-1.082e-05
7155,-1.0807e-05
7157,-1.0794e-05
7159,-1.0781e-05
7161,-1.0769e-05
7163,-1.0756e-05
7165,-1.0744e-05
7167,-1.0731e-05
7169,-1.0718e-05
7171,-1.0706e-05
7173,-1.0693e-05
7175,-1.0681e-05
7177,-1.0668e-05
7179,-1.0656e-05
7181,-1.0644e-05
7183,-1.0631e-05
7185,-1.0619e-05
7187,-1.0606e-05
7189,-1.0594e-05
7191,-1.0582e-05
7193,-1.0569e-05
7195,-1.0557e-05
7197,-1.0545e-05
7199,-1.0533e-05
7201,-1.052e-05
7203,-1.0508e-05
7205,-1.0496e-05
7207,-1.0484e-05
7209,-1.0472e-05
7211,-1.046e-05
7213,-1.0448e-05
7215,-1.0435e-05
7217,-1.0423e-05
7219,-1.0411e-05
7221,-1.0399e-05
7223,-1.0387e-05
7225,-1.0375e-05
7227,-1.0363e-05
7229,-1.0352e-05
7231,-1.034e-05
7233,-1.0328e-05
7235,-1.0316e-05
7237,-1.0304e-05
7239,-1.0292e-05
7241,-1.028e-05
7243,-1.0269e-05
7245,-1.0257e-05
7247,-1.0245e-05
7249,-1.0233e-05
7251,-1.0222e-05
7253,-1.021e-05
7255,-1.0198e-05
7257,-1.0187e-05
7259,-1.0175e-05
7261,-1.0163e-05
7263,-1.0152e-05
7265,-1.014e-05
7267,-1.0129e-05
7269,-1.0117e-05
7271,-1.0106e-05
7273,-1.0094e-05
7275,-1.0083e-05
7277,-1.0071e-05
7279,-1.006e-05
7281,-1.0048e-05
7283,-1.0037e-05
7285,-1.0026e-05
7287,-1.0014e-05
7289,-1.0003e-05
7291,-9.9916e-06
7293,-9.9803e-06
7295,-9.969e-06
7297,-9.9577e-06
7299,-9.9465e-06
7301,-9.9353e-06
7303,-9.9241e-06
7305,-9.9129e-06
7307,-9.9017e-06
7309,-9.8906e-06
7311,-9.8794e-06
7313,-9.8683e-06
7315,-9.8572e-06
7317,-9.8461e-06
7319,-9.8351e-06
7321,-9.824e-06
7323,-9.813e-06
7325,-9.802e-06
7327,-9.791e-06
7329,-9.7801e-06
7331,-9.7691e-06
7333,-9.7582e-06
7335,-9.7473e-06
7337,-9.7364e-06
7339,-9.7255e-06
7341,-9.7146e-06
7343,-9.7038e-06
7345,-9.693e-06
7347,-9.6822e-06
7349,-9.6714e-06
7351,-9.6606e-06
7353,-9.6498e-06
7355,-9.6391e-06
7357,-9.6284e-06
7359,-9.6177e-06
7361,-9.607e-06
7363,-9.5963e-06
7365,-9.5857e-06
7367,-9.5751e-06
7369,-9.5644e-06
7371,-9.5539e-06
7373,-9.5433e-06
7375,-9.5327e-06
7377,-9.5222e-06
7379,-9.5116e-06
7381,-9.5011e-06
7383,-9.4906e-06
7385,-9.4802e-06
7387,-9.4697e-06
7389,-9.4593e-06
7391,-9.4488e-06
7393,-9.4384e-06
7395,-9.428e-06
7397,-9.4177e-06
7399,-9.4073e-06
7401,-9.397e-06
7403,-9.3866e-06
7405,-9.3763e-06
7407,-9.366e-06
7409,-9.3558e-06
7411,-9.3455e-06
7413,-9.3353e-06
7415,-9.325e-06
7417,-9.3148e-06
7419,-9.3046e-06
7421,-9.2945e-06
7423,-9.2843e-06
7425,-9.2742e-06
7427,-9.264e-06
7429,-9.2539e-06
7431,-9.2438e-06
7433,-9.2338e-06
7435,-9.2237e-06
7437,-9.2136e-06
7439,-9.2036e-06
7441,-9.1936e-06
7443,-9.1836e-06
7445,-9.1736e-06
7447,-9.1637e-06
7449,-9.1537e-06
7451,-9.1438e-06
7453,-9.1339e-06
7455,-9.1239e-06
7457,-9.1141e-06
7459,-9.1042e-06
7461,-9.0943e-06
7463,-9.0845e-06
7465,-9.0747e-06
7467,-9.0649e-06
7469,-9.0551e-06
7471,-9.0453e-06
7473,-9.0355e-06
7475,-9.0258e-06
7477,-9.016e-06
7479,-9.0063e-06
7481,-8.9966e-06
7483,-8.9869e-06
7485,-8.9773e-06
7487,-8.9676e-06
7489,-8.958e-06
7491,-8.9484e-06
7493,-8.9387e-06
7495,-8.9291e-06
7497,-8.9196e-06
7499,-8.91e-06
7501,-8.9005e-06
7503,-8.8909e-06
7505,-8.8814e-06
7507,-8.8719e-06
7509,-8.8624e-06
7511,-8.8529e-06
7513,-8.8435e-06
7515,-8.834e-06
7517,-8.8246e-06
7519,-8.8152e-06
7521,-8.8058e-06
7523,-8.7964e-06
7525,-8.787e-06
7527,-8.7777e-06
7529,-8.7683e-06
7531,-8.759e-06
7533,-8.7497e-06
7535,-8.7404e-06
7537,-8.7311e-06
7539,-8.7218e-06
7541,-8.7126e-06
7543,-8.7033e-06
7545,-8.6941e-06
7547,-8.6849e-06
7549,-8.6757e-06
7551,-8.6665e-06
7553,-8.6573e-06
7555,-8.6482e-06
7557,-8.639e-06
7559,-8.6299e-06
7561,-8.6208e-06
7563,-8.6117e-06
7565,-8.6026e-06
7567,-8.5935e-06
7569,-8.5845e-06
7571,-8.5754e-06
7573,-8.5664e-06
7575,-8.5574e-06
7577,-8.5484e-06
7579,-8.5394e-06
7581,-8.5304e-06
7583,-8.5214e-06
7585,-8.5125e-06
7587,-8.5035e-06
7589,-8.4946e-06
7591,-8.4857e-06
7593,-8.4768e-06
7595,-8.4679e-06
7597,-8.4591e-06
7599,-8.4502e-06
7601,-8.4414e-06
7603,-8.4326e-06
7605,-8.4237e-06
7607,-8.4149e-06
7609,-8.4062e-06
7611,-8.3974e-06
7613,-8.3886e-06
7615,-8.3799e-06
7617,-8.3711e-06
7619,-8.3624e-06
7621,-8.3537e-06
7623,-8.345e-06
7625,-8.3363e-06
7627,-8.3277e-06
7629,-8.319e-06
7631,-8.3104e-06
7633,-8.3018e-06
7635,-8.2931e-06
7637,-8.2845e-06
7639,-8.276e-06
7641,-8.2674e-06
7643,-8.2588e-06
7645,-8.2503e-06
7647,-8.2417e-06
7649,-8.2332e-06
7651,-8.2247e-06
7653,-8.2162e-06
7655,-8.2077e-06
7657,-8.1992e-06
7659,-8.1908e-06
7661,-8.1823e-06
7663,-8.1739e-06
7665,-8.1655e-06
7667,-8.157e-06
7669,-8.1486e-06
7671,-8.1403e-06
7673,-8.1319e-06
7675,-8.1235e-06
7677,-8.1152e-06
7679,-8.1068e-06
7681,-8.0985e-06
7683,-8.0902e-06
7685,-8.0819e-06
7687,-8.0736e-06
7689,-8.0654e-06
7691,-8.0571e-06
7693,-8.0488e-06
7695,-8.0406e-06
7697,-8.0324e-06
7699,-8.0242e-06
7701,-8.016e-06
7703,-8.0078e-06
7705,-7.9996e-06
7707,-7.9914e-06
7709,-7.9833e-06
7711,-7.9751e-06
7713,-7.967e-06
7715,-7.9589e-06
7717,-7.9508e-06
7719,-7.9427e-06
7721,-7.9346e-06
7723,-7.9265e-06
7725,-7.9185e-06
7727,-7.9104e-06
7729,-7.9024e-06
7731,-7.8944e-06
7733,-7.8864e-06
7735,-7.8784e-06
7737,-7.8704e-06
7739,-7.8624e-06
7741,-7.8545e-06
7743,-7.8465e-06
7745,-7.8386e-06
7747,-7.8306e-06
7749,-7.8227e-06
7751,-7.8148e-06
7753,-7.8069e-06
7755,-7.799e-06
7757,-7.7912e-06
7759,-7.7833e-06
7761,-7.7755e-06
7763,-7.7676e-06
7765,-7.7598e-06
7767,-7.752e-06
7769,-7.7442e-06
7771,-7.7364e-06
7773,-7.7286e-06
7775,-7.7208e-06
7777,-7.7131e-06
7779,-7.7053e-06
7781,-7.6976e-06
7783,-7.6899e-06
7785,-7.6822e-06
7787,-7.6745e-06
7789,-7.6668e-06
7791,-7.6591e-06
7793,-7.6514e-06
7795,-7.6438e-06
7797,-7.6361e-06
7799,-7.6285e-06
7801,-7.6209e-06
7803,-7.6133e-06
7805,-7.6057e-06
7807,-7.5981e-06
7809,-7.5905e-06
7811,-7.5829e-06
7813,-7.5754e-06
7815,-7.5678e-06
7817,-7.5603e-06
7819,-7.5528e-06
7821,-7.5452e-06
7823,-7.5377e-06
7825,-7.5302e-06
7827,-7.5228e-06
7829,-7.5153e-06
7831,-7.5078e-06
7833,-7.5004e-06
7835,-7.4929e-06
7837,-7.4855e-06
7839,-7.4781e-06
7841,-7.4707e-06
7843,-7.4633e-06
7845,-7.4559e-06
7847,-7.4485e-06
7849,-7.4411e-06
7851,-7.4338e-06
7853,-7.4264e-06
7855,-7.4191e-06
7857,-7.4118e-06
7859,-7.4045e-06
7861,-7.3972e-06
7863,-7.3899e-06
7865,-7.3826e-06
7867,-7.3753e-06
7869,-7.368e-06
7871,-7.3608e-06
7873,-7.3535e-06
7875,-7.3463e-06
7877,-7.3391e-06
7879,-7.3319e-06
7881,-7.3247e-06
7883,-7.3175e-06
7885,-7.3103e-06
7887,-7.3031e-06
7889,-7.296e-06
7891,-7.2888e-06
7893,-7.2817e-06
7895,-7.2745e-06
7897,-7.2674e-06
7899,-7.2603e-06
7901,-7.2532e-06
7903,-7.2461e-06
7905,-7.239e-06
7907,-7.232e-06
7909,-7.2249e-06
7911,-7.2178e-06
7913,-7.2108e-06
7915,-7.2038e-06
7917,-7.1968e-06
7919,-7.1897e-06
7921,-7.1827e-06
7923,-7.1757e-06
7925,-7.1688e-06
7927,-7.1618e-06
7929,-7.1548e-06
7931,-7.1479e-06
7933,-7.1409e-06
7935,-7.134e-06
7937,-7.1271e-06
7939,-7.1201e-06
7941,-7.1132e-06
7943,-7.1063e-06
7945,-7.0995e-06
7947,-7.0926e-06
7949,-7.0857e-06
7951,-7.0788e-06
7953,-7.072e-06
7955,-7.0652e-06
7957,-7.0583e-06
7959,-7.0515e-06
7961,-7.0447e-06
7963,-7.0379e-06
7965,-7.0311e-06
7967,-7.0243e-06
7969,-7.0175e-06
7971,-7.0108e-06
7973,-7.004e-06
7975,-6.9973e-06
7977,-6.9905e-06
7979,-6.9838e-06
7981,-6.9771e-06
7983,-6.9704e-06
7985,-6.9637e-06
7987,-6.957e-06
7989,-6.9503e-06
7991,-6.9436e-06
7993,-6.937e-06
7995,-6.9303e-06
7997,-6.9237e-06
7999,-6.917e-06
8001,-6.9104e-06
8003,-6.9038e-06
8005,-6.8972e-06
8007,-6.8906e-06
8009,-6.884e-06
8011,-6.8774e-06
8013,-6.8708e-06
8015,-6.8643e-06
8017,-6.8577e-06
8019,-6.8512e-06
8021,-6.8446e-06
8023,-6.8381e-06
8025,-6.8316e-06
8027,-6.8251e-06
8029,-6.8186e-06
8031,-6.8121e-06
8033,-6.8056e-06
8035,-6.7991e-06
8037,-6.7926e-06
8039,-6.7862e-06
8041,-6.7797e-06
8043,-6.7733e-06
8045,-6.7669e-06
8047,-6.7604e-06
8049,-6.754e-06
8051,-6.7476e-06
8053,-6.7412e-06
8055,-6.7348e-06
8057,-6.7284e-06
8059,-6.7221e-06
8061,-6.7157e-06
8063,-6.7093e-06
8065,-6.703e-06
8067,-6.6967e-06
8069,-6.6903e-06
8071,-6.684e-06
8073,-6.6777e-06
8075,-6.6714e-06
8077,-6.6651e-06
8079,-6.6588e-06
8081,-6.6525e-06
8083,-6.6463e-06
8085,-6.64e-06
8087,-6.6337e-06
8089,-6.6275e-06
8091,-6.6213e-06
8093,-6.615e-06
8095,-6.6088e-06
8097,-6.6026e-06
8099,-6.5964e-06
8101,-6.5902e-06
8103,-6.584e-06
8105,-6.5778e-06
8107,-6.5717e-06
8109,-6.5655e-06
8111,-6.5593e-06
8113,-6.5532e-06
8115,-6.547e-06
8117,-6.5409e-06
8119,-6.5348e-06
8121,-6.5287e-06
8123,-6.5226e-06
8125,-6.5165e-06
8127,-6.5104e-06
8129,-6.5043e-06
8131,-6.4982e-06
8133,-6.4922e-06
8135,-6.4861e-06
8137,-6.4801e-06
8139,-6.474e-06
8141,-6.468e-06
8143,-6.462e-06
8145,-6.4559e-06
8147,-6.4499e-06
8149,-6.4439e-06
8151,-6.4379e-06
8153,-6.4319e-06
8155,-6.426e-06
8157,-6.42e-06
8159,-6.414e-06
8161,-6.4081e-06
8163,-6.4021e-06
8165,-6.3962e-06
8167,-6.3902e-06
8169,-6.3843e-06
8171,-6.3784e-06
8173,-6.3725e-06
8175,-6.3666e-06
8177,-6.3607e-06
8179,-6.3548e-06
8181,-6.3489e-06
8183,-6.3431e-06
8185,-6.3372e-06
8187,-6.3313e-06
8189,-6.3255e-06
8191,-6.3197e-06
8193,-6.3138e-06
8195,-6.308e-06
8197,-6.3022e-06
8199,-6.2964e-06
8201,-6.2906e-06
8203,-6.2848e-06
8205,-6.279e-06
8207,-6.2732e-06
8209,-6.2674e-06
8211,-6.2617e-06
8213,-6.2559e-06
8215,-6.2502e-06
8217,-6.2444e-06
8219,-6.2387e-06
8221,-6.233e-06
8223,-6.2272e-06
8225,-6.2215e-06
8227,-6.2158e-06
8229,-6.2101e-06
8231,-6.2044e-06
8233,-6.1987e-06
8235,-6.1931e-06
8237,-6.1874e-06
8239,-6.1817e-06
8241,-6.1761e-06
8243,-6.1704e-06
8245,-6.1648e-06
8247,-6.1592e-06
8249,-6.1535e-06
8251,-6.1479e-06
8253,-6.1423e-06
8255,-6.1367e-06
8257,-6.1311e-06
8259,-6.1255e-06
8261,-6.1199e-06
8263,-6.1144e-06
8265,-6.1088e-06
8267,-6.1032e-06
8269,-6.0977e-06
8271,-6.0921e-06
8273,-6.0866e-06
8275,-6.081e-06
8277,-6.0755e-06
8279,-6.07e-06
8281,-6.0645e-06
8283,-6.059e-06
8285,-6.0535e-06
8287,-6.048e-06
8289,-6.0425e-06
8291,-6.037e-06
8293,-6.0316e-06
8295,-6.0261e-06
8297,-6.0206e-06
8299,-6.0152e-06
8301,-6.0097e-06
8303,-6.0043e-06
8305,-5.9989e-06
8307,-5.9935e-06
8309,-5.988e-06
8311,-5.9826e-06
8313,-5.9772e-06
8315,-5.9718e-06
8317,-5.9665e-06
8319,-5.9611e-06
8321,-5.9557e-06
8323,-5.9503e-06
8325,-5.945e-06
8327,-5.9396e-06
8329,-5.9343e-06
8331,-5.9289e-06
8333,-5.9236e-06
8335,-5.9183e-06
8337,-5.9129e-06
8339,-5.9076e-06
8341,-5.9023e-06
8343,-5.897e-06
8345,-5.8917e-06
8347,-5.8864e-06
8349,-5.8812e-06
8351,-5.8759e-06
8353,-5.8706e-06
8355,-5.8654e-06
8357,-5.8601e-06
8359,-5.8549e-06
8361,-5.8496e-06
8363,-5.8444e-06
8365,-5.8392e-06
8367,-5.8339e-06
8369,-5.8287e-06
8371,-5.8235e-06
8373,-5.8183e-06
8375,-5.8131e-06
8377,-5.8079e-06
8379,-5.8027e-06
8381,-5.7976e-06
8383,-5.7924e-06
8385,-5.7872e-06
8387,-5.7821e-06
8389,-5.7769e-06
8391,-5.7718e-06
8393,-5.7666e-06
8395,-5.7615e-06
8397,-5.7564e-06
8399,-5.7513e-06
8401,-5.7461e-06
8403,-5.741e-06
8405,-5.7359e-06
8407,-5.7308e-06
8409,-5.7258e-06
8411,-5.7207e-06
8413,-5.7156e-06
8415,-5.7105e-06
8417,-5.7055e-06
8419,-5.7004e-06
8421,-5.6954e-06
8423,-5.6903e-06
8425,-5.6853e-06
8427,-5.6802e-06
8429,-5.6752e-06
8431,-5.6702e-06
8433,-5.6652e-06
8435,-5.6602e-06
8437,-5.6552e-06
8439,-5.6502e-06
8441,-5.6452e-06
8443,-5.6402e-06
8445,-5.6352e-06
8447,-5.6303e-06
8449,-5.6253e-06
8451,-5.6203e-06
8453,-5.6154e-06
8455,-5.6104e-06
8457,-5.6055e-06
8459,-5.6006e-06
8461,-5.5956e-06
8463,-5.5907e-06
8465,-5.5858e-06
8467,-5.5809e-06
8469,-5.576e-06
8471,-5.5711e-06
8473,-5.5662e-06
8475,-5.5613e-06
8477,-5.5564e-06
8479,-5.5516e-06
8481,-5.5467e-06
8483,-5.5418e-06
8485,-5.537e-06
8487,-5.5321e-06
8489,-5.5273e-06
8491,-5.5224e-06
8493,-5.5176e-06
8495,-5.5128e-06
8497,-5.5079e-06
8499,-5.5031e-06
8501,-5.4983e-06
8503,-5.4935e-06
8505,-5.4887e-06
8507,-5.4839e-06
8509,-5.4791e-06
8511,-5.4744e-06
8513,-5.4696e-06
8515,-5.4648e-06
8517,-5.46e-06
8519,-5.4553e-06
8521,-5.4505e-06
8523,-5.4458e-06
8525,-5.441e-06
8527,-5.4363e-06
8529,-5.4316e-06
8531,-5.4269e-06
8533,-5.4221e-06
8535,-5.4174e-06
8537,-5.4127e-06
8539,-5.408e-06
8541,-5.4033e-06
8543,-5.3986e-06
8545,-5.3939e-06
8547,-5.3893e-06
8549,-5.3846e-06
8551,-5.3799e-06
8553,-5.3753e-06
8555,-5.3706e-06
8557,-5.366e-06
8559,-5.3613e-06
8561,-5.3567e-06
8563,-5.352e-06
8565,-5.3474e-06
8567,-5.3428e-06
8569,-5.3382e-06
8571,-5.3336e-06
8573,-5.3289e-06
8575,-5.3243e-06
8577,-5.3197e-06
8579,-5.3152e-06
8581,-5.3106e-06
8583,-5.306e-06
8585,-5.3014e-06
8587,-5.2968e-06
8589,-5.2923e-06
8591,-5.2877e-06
8593,-5.2832e-06
8595,-5.2786e-06
8597,-5.2741e-06
8599,-5.2695e-06
8601,-5.265e-06
8603,-5.2605e-06
8605,-5.256e-06
8607,-5.2515e-06
8609,-5.2469e-06
8611,-5.2424e-06
8613,-5.2379e-06
8615,-5.2334e-06
8617,-5.229e-06
8619,-5.2245e-06
8621,-5.22e-06
8623,-5.2155e-06
8625,-5.211e-06
8627,-5.2066e-06
8629,-5.2021e-06
8631,-5.1977e-06
8633,-5.1932e-06
8635,-5.1888e-06
8637,-5.1844e-06
8639,-5.1799e-06
8641,-5.1755e-06
8643,-5.1711e-06
8645,-5.1667e-06
8647,-5.1622e-06
8649,-5.1578e-06
8651,-5.1534e-06
8653,-5.149e-06
8655,-5.1447e-06
8657,-5.1403e-06
8659,-5.1359e-06
8661,-5.1315e-06
8663,-5.1271e-06
8665,-5.1228e-06
8667,-5.1184e-06
8669,-5.1141e-06
8671,-5.1097e-06
8673,-5.1054e-06
8675,-5.101e-06
8677,-5.0967e-06
8679,-5.0924e-06
8681,-5.088e-06
8683,-5.0837e-06
8685,-5.0794e-06
8687,-5.0751e-06
8689,-5.0708e-06
8691,-5.0665e-06
8693,-5.0622e-06
8695,-5.0579e-06
8697,-5.0536e-06
8699,-5.0493e-06
8701,-5.0451e-06
8703,-5.0408e-06
8705,-5.0365e-06
8707,-5.0323e-06
8709,-5.028e-06
8711,-5.0238e-06
8713,-5.0195e-06
8715,-5.0153e-06
8717,-5.011e-06
8719,-5.0068e-06
8721,-5.0026e-06
8723,-4.9984e-06
8725,-4.9942e-06
8727,-4.9899e-06
8729,-4.9857e-06
8731,-4.9815e-06
8733,-4.9773e-06
8735,-4.9731e-06
8737,-4.969e-06
8739,-4.9648e-06
8741,-4.9606e-06
8743,-4.9564e-06
8745,-4.9523e-06
8747,-4.9481e-06
8749,-4.9439e-06
8751,-4.9398e-06
8753,-4.9356e-06
8755,-4.9315e-06
8757,-4.9274e-06
8759,-4.9232e-06
8761,-4.9191e-06
8763,-4.915e-06
8765,-4.9108e-06
8767,-4.9067e-06
8769,-4.9026e-06
8771,-4.8985e-06
8773,-4.8944e-06
8775,-4.8903e-06
8777,-4.8862e-06
8779,-4.8821e-06
8781,-4.878e-06
8783,-4.874e-06
8785,-4.8699e-06
8787,-4.8658e-06
8789,-4.8618e-06
8791,-4.8577e-06
8793,-4.8536e-06
8795,-4.8496e-06
8797,-4.8455e-06
8799,-4.8415e-06
8801,-4.8375e-06
8803,-4.8334e-06
8805,-4.8294e-06
8807,-4.8254e-06
8809,-4.8214e-06
8811,-4.8173e-06
8813,-4.8133e-06
8815,-4.8093e-06
8817,-4.8053e-06
8819,-4.8013e-06
8821,-4.7973e-06
8823,-4.7933e-06
8825,-4.7894e-06
8827,-4.7854e-06
8829,-4.7814e-06
8831,-4.7774e-06
8833,-4.7735e-06
8835,-4.7695e-06
8837,-4.7656e-06
8839,-4.7616e-06
8841,-4.7577e-06
8843,-4.7537e-06
8845,-4.7498e-06
8847,-4.7458e-06
8849,-4.7419e-06
8851,-4.738e-06
8853,-4.7341e-06
8855,-4.7301e-06
8857,-4.7262e-06
8859,-4.7223e-06
8861,-4.7184e-06
8863,-4.7145e-06
8865,-4.7106e-06
8867,-4.7067e-06
8869,-4.7028e-06
8871,-4.699e-06
8873,-4.6951e-06
8875,-4.6912e-06
8877,-4.6873e-06
8879,-4.6835e-06
8881,-4.6796e-06
8883,-4.6758e-06
8885,-4.6719e-06
8887,-4.6681e-06
8889,-4.6642e-06
8891,-4.6604e-06
8893,-4.6565e-06
8895,-4.6527e-06
8897,-4.6489e-06
8899,-4.6451e-06
8901,-4.6412e-06
8903,-4.6374e-06
8905,-4.6336e-06
8907,-4.6298e-06
8909,-4.626e-06
8911,-4.6222e-06
8913,-4.6184e-06
8915,-4.6146e-06
8917,-4.6109e-06
8919,-4.6071e-06
8921,-4.6033e-06
8923,-4.5995e-06
8925,-4.5958e-06
8927,-4.592e-06
8929,-4.5882e-06
8931,-4.5845e-06
8933,-4.5807e-06
8935,-4.577e-06
8937,-4.5732e-06
8939,-4.5695e-06
8941,-4.5658e-06
8943,-4.562e-06
8945,-4.5583e-06
8947,-4.5546e-06
8949,-4.5509e-06
8951,-4.5471e-06
8953,-4.5434e-06
8955,-4.5397e-06
8957,-4.536e-06
8959,-4.5323e-06
8961,-4.5286e-06
8963,-4.5249e-06
8965,-4.5213e-06
8967,-4.5176e-06
8969,-4.5139e-06
8971,-4.5102e-06
8973,-4.5066e-06
8975,-4.5029e-06
8977,-4.4992e-06
8979,-4.4956e-06
8981,-4.4919e-06
8983,-4.4883e-06
8985,-4.4846e-06
8987,-4.481e-06
8989,-4.4773e-06
8991,-4.4737e-06
8993,-4.4701e-06
8995,-4.4664e-06
8997,-4.4628e-06
8999,-4.4592e-06
9001,-4.4556e-06
9003,-4.452e-06
9005,-4.4484e-06
9007,-4.4448e-06
9009,-4.4412e-06
9011,-4.4376e-06
9013,-4.434e-06
9015,-4.4304e-06
9017,-4.4268e-06
9019,-4.4232e-06
9021,-4.4196e-06
9023,-4.4161e-06
9025,-4.4125e-06
9027,-4.4089e-06
9029,-4.4054e-06
9031,-4.4018e-06
9033,-4.3983e-06
9035,-4.3947e-06
9037,-4.3912e-06
9039,-4.3876e-06
9041,-4.3841e-06
9043,-4.3806e-06
9045,-4.377e-06
9047,-4.3735e-06
9049,-4.37e-06
9051,-4.3665e-06
9053,-4.363e-06
9055,-4.3594e-06
9057,-4.3559e-06
9059,-4.3524e-06
9061,-4.3489e-06
9063,-4.3454e-06
9065,-4.3419e-06
9067,-4.3385e-06
9069,-4.335e-06
9071,-4.3315e-06
9073,-4.328e-06
9075,-4.3245e-06
9077,-4.3211e-06
9079,-4.3176e-06
9081,-4.3141e-06
9083,-4.3107e-06
9085,-4.3072e-06
9087,-4.3038e-06
9089,-4.3003e-06
9091,-4.2969e-06
9093,-4.2934e-06
9095,-4.29e-06
9097,-4.2866e-06
9099,-4.2831e-06
9101,-4.2797e-06
9103,-4.2763e-06
9105,-4.2729e-06
9107,-4.2695e-06
9109,-4.266e-06
9111,-4.2626e-06
9113,-4.2592e-06
9115,-4.2558e-06
9117,-4.2524e-06
9119,-4.249e-06
9121,-4.2456e-06
9123,-4.2423e-06
9125,-4.2389e-06
9127,-4.2355e-06
9129,-4.2321e-06
9131,-4.2288e-06
9133,-4.2254e-06
9135,-4.222e-06
9137,-4.2187e-06
9139,-4.2153e-06
9141,-4.2119e-06
9143,-4.2086e-06
9145,-4.2052e-06
9147,-4.2019e-06
9149,-4.1986e-06
9151,-4.1952e-06
9153,-4.1919e-06
9155,-4.1886e-06
9157,-4.1852e-06
9159,-4.1819e-06
9161,-4.1786e-06
9163,-4.1753e-06
9165,-4.172e-06
9167,-4.1687e-06
9169,-4.1653e-06
9171,-4.162e-06
9173,-4.1587e-06
9175,-4.1555e-06
9177,-4.1522e-06
9179,-4.1489e-06
9181,-4.1456e-06
9183,-4.1423e-06
9185,-4.139e-06
9187,-4.1358e-06
9189,-4.1325e-06
9191,-4.1292e-06
9193,-4.126e-06
9195,-4.1227e-06
9197,-4.1194e-06
9199,-4.1162e-06
9201,-4.1129e-06
9203,-4.1097e-06
9205,-4.1064e-06
9207,-4.1032e-06
9209,-4.1e-06
9211,-4.0967e-06
9213,-4.0935e-06
9215,-4.0903e-06
9217,-4.087e-06
9219,-4.0838e-06
9221,-4.0806e-06
9223,-4.0774e-06
9225,-4.0742e-06
9227,-4.071e-06
9229,-4.0678e-06
9231,-4.0646e-06
9233,-4.0614e-06
9235,-4.0582e-06
9237,-4.055e-06
9239,-4.0518e-06
9241,-4.0486e-06
9243,-4.0454e-06
9245,-4.0423e-06
9247,-4.0391e-06
9249,-4.0359e-06
9251,-4.0327e-06
9253,-4.0296e-06
9255,-4.0264e-06
9257,-4.0233e-06
9259,-4.0201e-06
9261,-4.017e-06
9263,-4.0138e-06
9265,-4.0107e-06
9267,-4.0075e-06
9269,-4.0044e-06
9271,-4.0012e-06
9273,-3.9981e-06
9275,-3.995e-06
9277,-3.9919e-06
9279,-3.9887e-06
9281,-3.9856e-06
9283,-3.9825e-06
9285,-3.9794e-06
9287,-3.9763e-06
9289,-3.9732e-06
9291,-3.9701e-06
9293,-3.967e-06
9295,-3.9639e-06
9297,-3.9608e-06
9299,-3.9577e-06
9301,-3.9546e-06
9303,-3.9515e-06
9305,-3.9484e-06
9307,-3.9454e-06
9309,-3.9423e-06
9311,-3.9392e-06
9313,-3.9361e-06
9315,-3.9331e-06
9317,-3.93e-06
9319,-3.927e-06
9321,-3.9239e-06
9323,-3.9208e-06
9325,-3.9178e-06
9327,-3.9148e-06
9329,-3.9117e-06
9331,-3.9087e-06
9333,-3.9056e-06
9335,-3.9026e-06
9337,-3.8996e-06
9339,-3.8965e-06
9341,-3.8935e-06
9343,-3.8905e-06
9345,-3.8875e-06
9347,-3.8845e-06
9349,-3.8814e-06
9351,-3.8784e-06
9353,-3.8754e-06
9355,-3.8724e-06
9357,-3.8694e-06
9359,-3.8664e-06
9361,-3.8634e-06
9363,-3.8604e-06
9365,-3.8574e-06
9367,-3.8545e-06
9369,-3.8515e-06
9371,-3.8485e-06
9373,-3.8455e-06
9375,-3.8425e-06
9377,-3.8396e-06
9379,-3.8366e-06
9381,-3.8336e-06
9383,-3.8307e-06
9385,-3.8277e-06
9387,-3.8248e-06
9389,-3.8218e-06
9391,-3.8189e-06
9393,-3.8159e-06
9395,-3.813e-06
9397,-3.81e-06
9399,-3.8071e-06
9401,-3.8042e-06
9403,-3.8012e-06
9405,-3.7983e-06
9407,-3.7954e-06
9409,-3.7924e-06
9411,-3.7895e-06
9413,-3.7866e-06
9415,-3.7837e-06
9417,-3.7808e-06
9419,-3.7779e-06
9421,-3.775e-06
9423,-3.7721e-06
9425,-3.7692e-06
9427,-3.7663e-06
9429,-3.7634e-06
9431,-3.7605e-06
9433,-3.7576e-06
9435,-3.7547e-06
9437,-3.7518e-06
9439,-3.7489e-06
9441,-3.7461e-06
9443,-3.7432e-06
9445,-3.7403e-06
9447,-3.7374e-06
9449,-3.7346e-06
9451,-3.7317e-06
9453,-3.7289e-06
9455,-3.726e-06
9457,-3.7231e-06
9459,-3.7203e-06
9461,-3.7174e-06
9463,-3.7146e-06
9465,-3.7118e-06
9467,-3.7089e-06
9469,-3.7061e-06
9471,-3.7032e-06
9473,-3.7004e-06
9475,-3.6976e-06
9477,-3.6948e-06
9479,-3.6919e-06
9481,-3.6891e-06
9483,-3.6863e-06
9485,-3.6835e-06
9487,-3.6807e-06
9489,-3.6779e-06
9491,-3.6751e-06
9493,-3.6722e-06
9495,-3.6694e-06
9497,-3.6666e-06
9499,-3.6639e-06
9501,-3.6611e-06
9503,-3.6583e-06
9505,-3.6555e-06
9507,-3.6527e-06
9509,-3.6499e-06
9511,-3.6471e-06
9513,-3.6444e-06
9515,-3.6416e-06
9517,-3.6388e-06
9519,-3.636e-06
9521,-3.6333e-06
9523,-3.6305e-06
9525,-3.6278e-06
9527,-3.625e-06
9529,-3.6222e-06
9531,-3.6195e-06
9533,-3.6167e-06
9535,-3.614e-06
9537,-3.6113e-06
9539,-3.6085e-06
9541,-3.6058e-06
9543,-3.603e-06
9545,-3.6003e-06
9547,-3.5976e-06
9549,-3.5948e-06
9551,-3.5921e-06
9553,-3.5894e-06
9555,-3.5867e-06
9557,-3.584e-06
9559,-3.5812e-06
9561,-3.5785e-06
9563,-3.5758e-06
9565,-3.5731e-06
9567,-3.5704e-06
9569,-3.5677e-06
9571,-3.565e-06
9573,-3.5623e-06
9575,-3.5596e-06
9577,-3.5569e-06
9579,-3.5542e-06
9581,-3.5515e-06
9583,-3.5489e-06
9585,-3.5462e-06
9587,-3.5435e-06
9589,-3.5408e-06
9591,-3.5382e-06
9593,-3.5355e-06
9595,-3.5328e-06
9597,-3.5302e-06
9599,-3.5275e-06
9601,-3.5248e-06
9603,-3.5222e-06
9605,-3.5195e-06
9607,-3.5169e-06
9609,-3.5142e-06
9611,-3.5116e-06
9613,-3.5089e-06
9615,-3.5063e-06
9617,-3.5036e-06
9619,-3.501e-06
9621,-3.4984e-06
9623,-3.4957e-06
9625,-3.4931e-06
9627,-3.4905e-06
9629,-3.4879e-06
9631,-3.4852e-06
9633,-3.4826e-06
9635,-3.48e-06
9637,-3.4774e-06
9639,-3.4748e-06
9641,-3.4722e-06
9643,-3.4696e-06
9645,-3.4669e-06
9647,-3.4643e-06
9649,-3.4617e-06
9651,-3.4592e-06
9653,-3.4566e-06
9655,-3.454e-06
9657,-3.4514e-06
9659,-3.4488e-06
9661,-3.4462e-06
9663,-3.4436e-06
9665,-3.441e-06
9667,-3.4385e-06
9669,-3.4359e-06
9671,-3.4333e-06
9673,-3.4307e-06
9675,-3.4282e-06
9677,-3.4256e-06
9679,-3.4231e-06
9681,-3.4205e-06
9683,-3.4179e-06
9685,-3.4154e-06
9687,-3.4128e-06
9689,-3.4103e-06
9691,-3.4077e-06
9693,-3.4052e-06
9695,-3.4026e-06
9697,-3.4001e-06
9699,-3.3976e-06
9701,-3.395e-06
9703,-3.3925e-06
9705,-3.39e-06
9707,-3.3874e-06
9709,-3.3849e-06
9711,-3.3824e-06
9713,-3.3799e-06
9715,-3.3773e-06
9717,-3.3748e-06
9719,-3.3723e-06
9721,-3.3698e-06
9723,-3.3673e-06
9725,-3.3648e-06
9727,-3.3623e-06
9729,-3.3598e-06
9731,-3.3573e-06
9733,-3.3548e-06
9735,-3.3523e-06
9737,-3.3498e-06
9739,-3.3473e-06
9741,-3.3448e-06
9743,-3.3423e-06
9745,-3.3398e-06
9747,-3.3374e-06
9749,-3.3349e-06
9751,-3.3324e-06
9753,-3.3299e-06
9755,-3.3275e-06
9757,-3.325e-06
9759,-3.3225e-06
9761,-3.3201e-06
9763,-3.3176e-06
9765,-3.3151e-06
9767,-3.3127e-06
9769,-3.3102e-06
9771,-3.3078e-06
9773,-3.3053e-06
9775,-3.3029e-06
9777,-3.3004e-06
9779,-3.298e-06
9781,-3.2955e-06
9783,-3.2931e-06
9785,-3.2906e-06
9787,-3.2882e-06
9789,-3.2858e-06
9791,-3.2834e-06
9793,-3.2809e-06
9795,-3.2785e-06
9797,-3.2761e-06
9799,-3.2737e-06
9801,-3.2712e-06
9803,-3.2688e-06
9805,-3.2664e-06
9807,-3.264e-06
9809,-3.2616e-06
9811,-3.2592e-06
9813,-3.2568e-06
9815,-3.2544e-06
9817,-3.252e-06
9819,-3.2496e-06
9821,-3.2472e-06
9823,-3.2448e-06
9825,-3.2424e-06
9827,-3.24e-06
9829,-3.2376e-06
9831,-3.2352e-06
9833,-3.2328e-06
9835,-3.2304e-06
9837,-3.2281e-06
9839,-3.2257e-06
9841,-3.2233e-06
9843,-3.2209e-06
9845,-3.2186e-06
9847,-3.2162e-06
9849,-3.2138e-06
9851,-3.2115e-06
9853,-3.2091e-06
9855,-3.2068e-06
9857,-3.2044e-06
9859,-3.202e-06
9861,-3.1997e-06
9863,-3.1973e-06
9865,-3.195e-06
9867,-3.1926e-06
9869,-3.1903e-06
9871,-3.188e-06
9873,-3.1856e-06
9875,-3.1833e-06
9877,-3.1809e-06
9879,-3.1786e-06
9881,-3.1763e-06
9883,-3.1739e-06
9885,-3.1716e-06
9887,-3.1693e-06
9889,-3.167e-06
9891,-3.1647e-06
9893,-3.1623e-06
9895,-3.16e-06
9897,-3.1577e-06
9899,-3.1554e-06
9901,-3.1531e-06
9903,-3.1508e-06
9905,-3.1485e-06
9907,-3.1462e-06
9909,-3.1439e-06
9911,-3.1416e-06
9913,-3.1393e-06
9915,-3.137e-06
9917,-3.1347e-06
9919,-3.1324e-06
9921,-3.1301e-06
9923,-3.1278e-06
9925,-3.1255e-06
9927,-3.1232e-06
9929,-3.121e-06
9931,-3.1187e-06
9933,-3.1164e-06
9935,-3.1141e-06
9937,-3.1119e-06
9939,-3.1096e-06
9941,-3.1073e-06
9943,-3.1051e-06
9945,-3.1028e-06
9947,-3.1005e-06
9949,-3.0983e-06
9951,-3.096e-06
9953,-3.0938e-06
9955,-3.0915e-06
9957,-3.0892e-06
9959,-3.087e-06
9961,-3.0848e-06
9963,-3.0825e-06
9965,-3.0803e-06
9967,-3.078e-06
9969,-3.0758e-06
9971,-3.0735e-06
9973,-3.0713e-06
9975,-3.0691e-06
9977,-3.0668e-06
9979,-3.0646e-06
9981,-3.0624e-06
9983,-3.0602e-06
9985,-3.0579e-06
9987,-3.0557e-06
9989,-3.0535e-06
9991,-3.0513e-06
9993,-3.0491e-06
9995,-3.0469e-06
9997,-3.0446e-06
9999,-3.0424e-06
